19080|98031941|1|1|90001|1|
19080|98031941|1|1|90002|PDI|
19080|98031941|1|1|90003|M|
19080|98031941|1|1|90004|3|
19080|98031941|1|1|90005|2023|
19080|98031941|1|1|90007|1|
19080|98031941|1|1|90008|599|
19080|98031941|1|1|90009|50|
19080|98031941|1|1|90010|556297947|
19080|98031941|1|1|90011|875|
19080|98031941|1|1|90012|875|
19080|98031941|1|1|90013|875|
19080|98031941|1|1|90014|20231122|
19080|98031941|1|1|90016|10114|
19080|98033329|1|1|90001|1|
19080|98033329|1|1|90002|SAF|
19080|98033329|1|1|90003|Y|
19080|98033329|1|1|90004|35|
19080|98033329|1|1|90005|2022|
19080|98033329|1|1|90007|35|
19080|98033329|1|1|90008|155|
19080|98033329|1|1|90009|41|
19080|98033329|1|1|90010|230080223542|
19080|98033329|1|1|90011|456|
19080|98033329|1|1|90012|456|
19080|98033329|1|1|90013|467|
19080|98033329|1|1|90014|20230428|
19080|98033329|1|1|90016|13514|
19080|98033346|1|1|90001|1|
19080|98033346|1|1|90002|SAF|
19080|98033346|1|1|90003|Y|
19080|98033346|1|1|90004|35|
19080|98033346|1|1|90005|2021|
19080|98033346|1|1|90007|35|
19080|98033346|1|1|90008|74|
19080|98033346|1|1|90009|41|
19080|98033346|1|1|90010|220001117805|
19080|98033346|1|1|90011|30028|
19080|98033346|1|1|90012|26776|
19080|98033346|1|1|90013|26776|
19080|98033346|1|1|90014|20220518|
19080|98033346|1|1|90016|13514|
19080|98033918|1|1|90001|1|
19080|98033918|1|1|90002|SAF|
19080|98033918|1|1|90003|Y|
19080|98033918|1|1|90004|35|
19080|98033918|1|1|90005|2022|
19080|98033918|1|1|90007|1|
19080|98033918|1|1|90008|6765|
19080|98033918|1|1|90009|41|
19080|98033918|1|1|90010|230130091581|
19080|98033918|1|1|90011|67023|
19080|98033918|1|1|90012|48678|
19080|98033918|1|1|90013|48678|
19080|98033918|1|1|90014|20230330|
19080|98033918|1|1|90016|10114|
19080|98034006|1|1|90001|1|
19080|98034006|1|1|90002|SAF|
19080|98034006|1|1|90003|Y|
19080|98034006|1|1|90004|35|
19080|98034006|1|1|90005|2019|
19080|98034006|1|1|90007|35|
19080|98034006|1|1|90008|20603|
19080|98034006|1|1|90009|41|
19080|98034006|1|1|90010|200260071277|
19080|98034006|1|1|90011|175214|
19080|98034006|1|1|90012|154381|
19080|98034006|1|1|90013|154381|
19080|98034006|1|1|90014|20200630|
19080|98034006|1|1|90016|13514|
19080|98034104|1|1|90001|1|
19080|98034104|1|1|90002|SAF|
19080|98034104|1|1|90003|Y|
19080|98034104|1|1|90004|35|
19080|98034104|1|1|90005|2021|
19080|98034104|1|1|90007|1|
19080|98034104|1|1|90008|269084|
19080|98034104|1|1|90009|50|
19080|98034104|1|1|90010|220010664787|
19080|98034104|1|1|90011|4648741|
19080|98034104|1|1|90012|4620057|
19080|98034104|1|1|90013|4620057|
19080|98034104|1|1|90014|20220913|
19080|98034104|1|1|90016|10114|
19080|98034332|1|1|90001|1|
19080|98034332|1|1|90002|SAF|
19080|98034332|1|1|90003|Y|
19080|98034332|1|1|90004|35|
19080|98034332|1|1|90005|2021|
19080|98034332|1|1|90007|35|
19080|98034332|1|1|90008|330|
19080|98034332|1|1|90009|41|
19080|98034332|1|1|90010|230020046922|
19080|98034332|1|1|90011|7128|
19080|98034332|1|1|90012|7128|
19080|98034332|1|1|90013|7128|
19080|98034332|1|1|90014|20230207|
19080|98034332|1|1|90016|13514|
19080|98034401|1|1|90001|1|
19080|98034401|1|1|90002|SAF|
19080|98034401|1|1|90003|Y|
19080|98034401|1|1|90004|35|
19080|98034401|1|1|90005|2022|
19080|98034401|1|1|90007|1|
19080|98034401|1|1|90008|41465|
19080|98034401|1|1|90009|50|
19080|98034401|1|1|90010|230000609284|
19080|98034401|1|1|90011|275336|
19080|98034401|1|1|90012|91742|
19080|98034401|1|1|90013|92329|
19080|98034401|1|1|90014|20230728|
19080|98034401|1|1|90016|10114|
19080|98034608|1|1|90001|1|
19080|98034608|1|1|90002|SAF|
19080|98034608|1|1|90003|Y|
19080|98034608|1|1|90004|35|
19080|98034608|1|1|90005|2019|
19080|98034608|1|1|90007|35|
19080|98034608|1|1|90008|25676|
19080|98034608|1|1|90009|41|
19080|98034608|1|1|90010|200260071277|
19080|98034608|1|1|90011|175214|
19080|98034608|1|1|90012|180057|
19080|98034608|1|1|90013|180057|
19080|98034608|1|1|90014|20200630|
19080|98034608|1|1|90016|13514|
19080|98034842|1|1|90001|1|
19080|98034842|1|1|90002|SAF|
19080|98034842|1|1|90003|Y|
19080|98034842|1|1|90004|35|
19080|98034842|1|1|90005|2022|
19080|98034842|1|1|90007|1|
19080|98034842|1|1|90008|477151|
19080|98034842|1|1|90009|41|
19080|98034842|1|1|90010|230000249904|
19080|98034842|1|1|90011|12721680|
19080|98034842|1|1|90012|11473844|
19080|98034842|1|1|90013|11473844|
19080|98034842|1|1|90014|20230405|
19080|98034842|1|1|90016|10114|
19080|98034928|1|1|90001|1|
19080|98034928|1|1|90002|SAF|
19080|98034928|1|1|90003|Y|
19080|98034928|1|1|90004|35|
19080|98034928|1|1|90005|2020|
19080|98034928|1|1|90007|35|
19080|98034928|1|1|90008|1723|
19080|98034928|1|1|90009|41|
19080|98034928|1|1|90010|210200179892|
19080|98034928|1|1|90011|9845|
19080|98034928|1|1|90012|8715|
19080|98034928|1|1|90013|8715|
19080|98034928|1|1|90014|20210505|
19080|98034928|1|1|90016|13514|
19080|98035017|1|1|90001|1|
19080|98035017|1|1|90002|SAF|
19080|98035017|1|1|90003|Y|
19080|98035017|1|1|90004|35|
19080|98035017|1|1|90005|2021|
19080|98035017|1|1|90007|1|
19080|98035017|1|1|90008|193068|
19080|98035017|1|1|90009|50|
19080|98035017|1|1|90010|230010140887|
19080|98035017|1|1|90011|56644549|
19080|98035017|1|1|90012|54942303|
19080|98035017|1|1|90013|55156157|
19080|98035017|1|1|90014|20230303|
19080|98035017|1|1|90016|10114|
19080|98035115|1|1|90001|1|
19080|98035115|1|1|90002|SAF|
19080|98035115|1|1|90003|Y|
19080|98035115|1|1|90004|35|
19080|98035115|1|1|90005|2022|
19080|98035115|1|1|90007|1|
19080|98035115|1|1|90008|5731|
19080|98035115|1|1|90009|50|
19080|98035115|1|1|90010|230010425567|
19080|98035115|1|1|90011|122690|
19080|98035115|1|1|90012|90932|
19080|98035115|1|1|90013|91514|
19080|98035115|1|1|90014|20230515|
19080|98035115|1|1|90016|10114|
19080|98035145|1|1|90001|1|
19080|98035145|1|1|90002|SAF|
19080|98035145|1|1|90003|Y|
19080|98035145|1|1|90004|35|
19080|98035145|1|1|90005|2022|
19080|98035145|1|1|90007|35|
19080|98035145|1|1|90008|21|
19080|98035145|1|1|90009|41|
19080|98035145|1|1|90010|231580005230|
19080|98035145|1|1|90011|649|
19080|98035145|1|1|90012|649|
19080|98035145|1|1|90013|71|
19080|98035145|1|1|90014|20230405|
19080|98035145|1|1|90016|13514|
19080|98035308|1|1|90001|1|
19080|98035308|1|1|90002|SAF|
19080|98035308|1|1|90003|Y|
19080|98035308|1|1|90004|35|
19080|98035308|1|1|90005|2019|
19080|98035308|1|1|90007|35|
19080|98035308|1|1|90008|36875|
19080|98035308|1|1|90009|41|
19080|98035308|1|1|90010|200260071277|
19080|98035308|1|1|90011|175214|
19080|98035308|1|1|90012|175214|
19080|98035308|1|1|90013|216932|
19080|98035308|1|1|90014|20200630|
19080|98035308|1|1|90016|13514|
19080|98035395|1|1|90001|1|
19080|98035395|1|1|90002|SAF|
19080|98035395|1|1|90003|Y|
19080|98035395|1|1|90004|35|
19080|98035395|1|1|90005|2022|
19080|98035395|1|1|90007|1|
19080|98035395|1|1|90008|124512|
19080|98035395|1|1|90009|41|
19080|98035395|1|1|90010|230150034426|
19080|98035395|1|1|90011|1258806|
19080|98035395|1|1|90012|685666|
19080|98035395|1|1|90013|688242|
19080|98035395|1|1|90014|20230329|
19080|98035395|1|1|90016|10114|
19080|98035431|1|1|90001|1|
19080|98035431|1|1|90002|SAF|
19080|98035431|1|1|90003|Y|
19080|98035431|1|1|90004|35|
19080|98035431|1|1|90005|2022|
19080|98035431|1|1|90007|35|
19080|98035431|1|1|90008|223|
19080|98035431|1|1|90009|41|
19080|98035431|1|1|90010|233500016385|
19080|98035431|1|1|90011|2207|
19080|98035431|1|1|90012|455|
19080|98035431|1|1|90013|232|
19080|98035431|1|1|90014|20230502|
19080|98035431|1|1|90016|13514|
19080|98035445|1|1|90001|1|
19080|98035445|1|1|90002|SAF|
19080|98035445|1|1|90003|Y|
19080|98035445|1|1|90004|35|
19080|98035445|1|1|90005|2019|
19080|98035445|1|1|90007|35|
19080|98035445|1|1|90008|536|
19080|98035445|1|1|90009|41|
19080|98035445|1|1|90010|200190091511|
19080|98035445|1|1|90011|15686|
19080|98035445|1|1|90012|1535|
19080|98035445|1|1|90013|1535|
19080|98035445|1|1|90014|20200417|
19080|98035445|1|1|90016|13514|
19080|98035436|1|1|90001|1|
19080|98035436|1|1|90002|SAF|
19080|98035436|1|1|90003|Y|
19080|98035436|1|1|90004|35|
19080|98035436|1|1|90005|2020|
19080|98035436|1|1|90007|1|
19080|98035436|1|1|90008|938299|
19080|98035436|1|1|90009|50|
19080|98035436|1|1|90010|230010866332|
19080|98035436|1|1|90011|4427712|
19080|98035436|1|1|90012|2525080|
19080|98035436|1|1|90013|2525080|
19080|98035436|1|1|90014|20231018|
19080|98035436|1|1|90016|10114|
19080|98035516|1|1|90001|1|
19080|98035516|1|1|90002|SAF|
19080|98035516|1|1|90003|Y|
19080|98035516|1|1|90004|35|
19080|98035516|1|1|90005|2020|
19080|98035516|1|1|90007|1|
19080|98035516|1|1|90008|412|
19080|98035516|1|1|90009|41|
19080|98035516|1|1|90010|210260027334|
19080|98035516|1|1|90011|6602|
19080|98035516|1|1|90012|5819|
19080|98035516|1|1|90013|6241|
19080|98035516|1|1|90014|20210331|
19080|98035516|1|1|90016|10114|
19080|98035569|1|1|90001|1|
19080|98035569|1|1|90002|SAF|
19080|98035569|1|1|90003|Y|
19080|98035569|1|1|90004|35|
19080|98035569|1|1|90005|2021|
19080|98035569|1|1|90007|1|
19080|98035569|1|1|90008|436835|
19080|98035569|1|1|90009|70|
19080|98035569|1|1|90010|220010693933|
19080|98035569|1|1|90011|1985958|
19080|98035569|1|1|90012|1540737|
19080|98035569|1|1|90013|1549211|
19080|98035569|1|1|90014|20220928|
19080|98035569|1|1|90016|10114|
19080|98035658|1|1|90001|1|
19080|98035658|1|1|90002|SAF|
19080|98035658|1|1|90003|Y|
19080|98035658|1|1|90004|35|
19080|98035658|1|1|90005|2022|
19080|98035658|1|1|90007|1|
19080|98035658|1|1|90008|1269979|
19080|98035658|1|1|90009|50|
19080|98035658|1|1|90010|230150042991|
19080|98035658|1|1|90011|21845082|
19080|98035658|1|1|90012|21353033|
19080|98035658|1|1|90013|21374386|
19080|98035658|1|1|90014|20230815|
19080|98035658|1|1|90016|10114|
19080|98035709|1|1|90001|1|
19080|98035709|1|1|90002|SAF|
19080|98035709|1|1|90003|Y|
19080|98035709|1|1|90004|35|
19080|98035709|1|1|90005|2021|
19080|98035709|1|1|90007|35|
19080|98035709|1|1|90008|4|
19080|98035709|1|1|90009|41|
19080|98035709|1|1|90010|220850041063|
19080|98035709|1|1|90011|84|
19080|98035709|1|1|90012|4|
19080|98035709|1|1|90013|4|
19080|98035709|1|1|90014|20220411|
19080|98035709|1|1|90016|13514|
19080|98035711|1|1|90001|1|
19080|98035711|1|1|90002|SAF|
19080|98035711|1|1|90003|Y|
19080|98035711|1|1|90004|35|
19080|98035711|1|1|90005|2022|
19080|98035711|1|1|90007|1|
19080|98035711|1|1|90008|8204|
19080|98035711|1|1|90009|41|
19080|98035711|1|1|90010|230000265080|
19080|98035711|1|1|90011|667653|
19080|98035711|1|1|90012|646486|
19080|98035711|1|1|90013|646486|
19080|98035711|1|1|90014|20230403|
19080|98035711|1|1|90016|10114|
19080|98035898|1|1|90001|1|
19080|98035898|1|1|90002|SAF|
19080|98035898|1|1|90003|Y|
19080|98035898|1|1|90004|35|
19080|98035898|1|1|90005|2022|
19080|98035898|1|1|90007|35|
19080|98035898|1|1|90008|3394|
19080|98035898|1|1|90009|41|
19080|98035898|1|1|90010|232050005385|
19080|98035898|1|1|90011|9514|
19080|98035898|1|1|90012|3394|
19080|98035898|1|1|90013|3394|
19080|98035898|1|1|90014|20230406|
19080|98035898|1|1|90016|13514|
19080|98035993|1|1|90001|1|
19080|98035993|1|1|90002|SAF|
19080|98035993|1|1|90003|M|
19080|98035993|1|1|90004|8|
19080|98035993|1|1|90005|2018|
19080|98035993|1|1|90007|21|
19080|98035993|1|1|90008|28429|
19080|98035993|1|1|90009|41|
19080|98035993|1|1|90010|275780352|
19080|98035993|1|1|90011|39333|
19080|98035993|1|1|90012|28429|
19080|98035993|1|1|90013|28429|
19080|98035993|1|1|90014|20180911|
19080|98035993|1|1|90016|11914|
19080|98035993|1|2|90001|2|
19080|98035993|1|2|90002|SAF|
19080|98035993|1|2|90003|M|
19080|98035993|1|2|90004|9|
19080|98035993|1|2|90005|2018|
19080|98035993|1|2|90007|21|
19080|98035993|1|2|90008|23342|
19080|98035993|1|2|90009|50|
19080|98035993|1|2|90010|280997023|
19080|98035993|1|2|90011|22279|
19080|98035993|1|2|90012|22279|
19080|98035993|1|2|90013|29018|
19080|98035993|1|2|90014|20181018|
19080|98035993|1|2|90016|11914|
19080|98036100|1|1|90001|1|
19080|98036100|1|1|90002|SAF|
19080|98036100|1|1|90003|Y|
19080|98036100|1|1|90004|35|
19080|98036100|1|1|90005|2022|
19080|98036100|1|1|90007|35|
19080|98036100|1|1|90008|306|
19080|98036100|1|1|90009|41|
19080|98036100|1|1|90010|232010013818|
19080|98036100|1|1|90011|4087|
19080|98036100|1|1|90012|1758|
19080|98036100|1|1|90013|1800|
19080|98036100|1|1|90014|20230425|
19080|98036100|1|1|90016|13514|
19080|98036153|1|1|90001|1|
19080|98036153|1|1|90002|SAF|
19080|98036153|1|1|90003|Y|
19080|98036153|1|1|90004|35|
19080|98036153|1|1|90005|2022|
19080|98036153|1|1|90007|35|
19080|98036153|1|1|90008|509|
19080|98036153|1|1|90009|50|
19080|98036153|1|1|90010|230421568399|
19080|98036153|1|1|90011|7990|
19080|98036153|1|1|90012|3747|
19080|98036153|1|1|90013|3747|
19080|98036153|1|1|90014|20231111|
19080|98036153|1|1|90016|13514|
19080|98036155|1|1|90001|1|
19080|98036155|1|1|90002|SAF|
19080|98036155|1|1|90003|Y|
19080|98036155|1|1|90004|35|
19080|98036155|1|1|90005|2021|
19080|98036155|1|1|90007|35|
19080|98036155|1|1|90008|65|
19080|98036155|1|1|90009|41|
19080|98036155|1|1|90010|220001134515|
19080|98036155|1|1|90011|8355|
19080|98036155|1|1|90012|6737|
19080|98036155|1|1|90013|6737|
19080|98036155|1|1|90014|20220523|
19080|98036155|1|1|90016|13514|
19080|98036199|1|1|90001|1|
19080|98036199|1|1|90002|SAF|
19080|98036199|1|1|90003|Y|
19080|98036199|1|1|90004|35|
19080|98036199|1|1|90005|2020|
19080|98036199|1|1|90007|35|
19080|98036199|1|1|90008|1428|
19080|98036199|1|1|90009|41|
19080|98036199|1|1|90010|210200179892|
19080|98036199|1|1|90011|9845|
19080|98036199|1|1|90012|9845|
19080|98036199|1|1|90013|10143|
19080|98036199|1|1|90014|20210505|
19080|98036199|1|1|90016|13514|
19080|98036219|1|1|90001|1|
19080|98036219|1|1|90002|SAF|
19080|98036219|1|1|90003|Y|
19080|98036219|1|1|90004|35|
19080|98036219|1|1|90005|2020|
19080|98036219|1|1|90007|35|
19080|98036219|1|1|90008|1658|
19080|98036219|1|1|90009|41|
19080|98036219|1|1|90010|210200179892|
19080|98036219|1|1|90011|9845|
19080|98036219|1|1|90012|5300|
19080|98036219|1|1|90013|5300|
19080|98036219|1|1|90014|20210505|
19080|98036219|1|1|90016|13514|
19080|98036222|1|1|90001|1|
19080|98036222|1|1|90002|SAF|
19080|98036222|1|1|90003|Y|
19080|98036222|1|1|90004|35|
19080|98036222|1|1|90005|2020|
19080|98036222|1|1|90007|35|
19080|98036222|1|1|90008|7|
19080|98036222|1|1|90009|41|
19080|98036222|1|1|90010|210120200725|
19080|98036222|1|1|90011|31174|
19080|98036222|1|1|90012|23684|
19080|98036222|1|1|90013|23684|
19080|98036222|1|1|90014|20210518|
19080|98036222|1|1|90016|13514|
19080|98036252|1|1|90001|1|
19080|98036252|1|1|90002|SAF|
19080|98036252|1|1|90003|Y|
19080|98036252|1|1|90004|35|
19080|98036252|1|1|90005|2021|
19080|98036252|1|1|90007|35|
19080|98036252|1|1|90008|1017|
19080|98036252|1|1|90009|41|
19080|98036252|1|1|90010|220420294974|
19080|98036252|1|1|90011|47614|
19080|98036252|1|1|90012|20666|
19080|98036252|1|1|90013|20666|
19080|98036252|1|1|90014|20220502|
19080|98036252|1|1|90016|13514|
19080|98036312|1|1|90001|1|
19080|98036312|1|1|90002|SAF|
19080|98036312|1|1|90003|Y|
19080|98036312|1|1|90004|35|
19080|98036312|1|1|90005|2022|
19080|98036312|1|1|90007|1|
19080|98036312|1|1|90008|3850|
19080|98036312|1|1|90009|41|
19080|98036312|1|1|90010|230000244540|
19080|98036312|1|1|90011|72820|
19080|98036312|1|1|90012|42154|
19080|98036312|1|1|90013|42154|
19080|98036312|1|1|90014|20230403|
19080|98036312|1|1|90016|10114|
19080|98036409|1|1|90001|1|
19080|98036409|1|1|90002|SAF|
19080|98036409|1|1|90003|Y|
19080|98036409|1|1|90004|35|
19080|98036409|1|1|90005|2022|
19080|98036409|1|1|90007|35|
19080|98036409|1|1|90008|234|
19080|98036409|1|1|90009|41|
19080|98036409|1|1|90010|23326012170|
19080|98036409|1|1|90011|11130|
19080|98036409|1|1|90012|7366|
19080|98036409|1|1|90013|7366|
19080|98036409|1|1|90014|20230425|
19080|98036409|1|1|90016|13514|
19080|98036418|1|1|90001|1|
19080|98036418|1|1|90002|SAF|
19080|98036418|1|1|90003|Y|
19080|98036418|1|1|90004|35|
19080|98036418|1|1|90005|2018|
19080|98036418|1|1|90007|1|
19080|98036418|1|1|90008|109854|
19080|98036418|1|1|90009|70|
19080|98036418|1|1|90010|190040253073|
19080|98036418|1|1|90011|4720332|
19080|98036418|1|1|90012|2818313|
19080|98036418|1|1|90013|2818313|
19080|98036418|1|1|90014|20190725|
19080|98036418|1|1|90016|10114|
19080|98036743|1|1|90001|1|
19080|98036743|1|1|90002|SAF|
19080|98036743|1|1|90003|Y|
19080|98036743|1|1|90004|35|
19080|98036743|1|1|90005|2020|
19080|98036743|1|1|90007|1|
19080|98036743|1|1|90008|8480|
19080|98036743|1|1|90009|50|
19080|98036743|1|1|90010|220240128798|
19080|98036743|1|1|90011|68532|
19080|98036743|1|1|90012|32155|
19080|98036743|1|1|90013|32155|
19080|98036743|1|1|90014|20220328|
19080|98036743|1|1|90016|10114|
19080|98036818|1|1|90001|1|
19080|98036818|1|1|90002|SAF|
19080|98036818|1|1|90003|Y|
19080|98036818|1|1|90004|35|
19080|98036818|1|1|90005|2022|
19080|98036818|1|1|90007|1|
19080|98036818|1|1|90008|1106560|
19080|98036818|1|1|90009|41|
19080|98036818|1|1|90010|230010272283|
19080|98036818|1|1|90011|6211940|
19080|98036818|1|1|90012|3750158|
19080|98036818|1|1|90013|3774159|
19080|98036818|1|1|90014|20230403|
19080|98036818|1|1|90016|10114|
19080|98036877|1|1|90001|1|
19080|98036877|1|1|90002|SAF|
19080|98036877|1|1|90003|Y|
19080|98036877|1|1|90004|35|
19080|98036877|1|1|90005|2022|
19080|98036877|1|1|90007|1|
19080|98036877|1|1|90008|3|
19080|98036877|1|1|90009|41|
19080|98036877|1|1|90010|230190075467|
19080|98036877|1|1|90011|62530|
19080|98036877|1|1|90012|31320|
19080|98036877|1|1|90013|31320|
19080|98036877|1|1|90014|20230402|
19080|98036877|1|1|90016|10114|
19080|98036905|1|1|90001|1|
19080|98036905|1|1|90002|SAF|
19080|98036905|1|1|90003|Y|
19080|98036905|1|1|90004|35|
19080|98036905|1|1|90005|2022|
19080|98036905|1|1|90007|1|
19080|98036905|1|1|90008|9511|
19080|98036905|1|1|90009|50|
19080|98036905|1|1|90010|230060154708|
19080|98036905|1|1|90011|435861|
19080|98036905|1|1|90012|412488|
19080|98036905|1|1|90013|412488|
19080|98036905|1|1|90014|20230404|
19080|98036905|1|1|90016|10114|
19080|98036960|1|1|90001|1|
19080|98036960|1|1|90002|PDI|
19080|98036960|1|1|90003|M|
19080|98036960|1|1|90004|10|
19080|98036960|1|1|90005|2023|
19080|98036960|1|1|90007|1|
19080|98036960|1|1|90008|13166|
19080|98036960|1|1|90009|50|
19080|98036960|1|1|90010|230901734203|
19080|98036960|1|1|90011|1167488|
19080|98036960|1|1|90012|616570|
19080|98036960|1|1|90013|616570|
19080|98036960|1|1|90014|20231216|
19080|98036960|1|1|90016|10114|
19080|98036967|1|1|90001|1|
19080|98036967|1|1|90002|SAF|
19080|98036967|1|1|90003|Y|
19080|98036967|1|1|90004|35|
19080|98036967|1|1|90005|2020|
19080|98036967|1|1|90007|35|
19080|98036967|1|1|90008|43|
19080|98036967|1|1|90009|41|
19080|98036967|1|1|90010|230080639875|
19080|98036967|1|1|90011|43|
19080|98036967|1|1|90012|43|
19080|98036967|1|1|90013|43|
19080|98036967|1|1|90014|20231228|
19080|98036967|1|1|90016|13514|
19080|98036967|1|2|90001|2|
19080|98036967|1|2|90002|SAF|
19080|98036967|1|2|90003|Y|
19080|98036967|1|2|90004|35|
19080|98036967|1|2|90005|2022|
19080|98036967|1|2|90007|35|
19080|98036967|1|2|90008|1653|
19080|98036967|1|2|90009|41|
19080|98036967|1|2|90010|230020774808|
19080|98036967|1|2|90011|12629|
19080|98036967|1|2|90012|12629|
19080|98036967|1|2|90013|12629|
19080|98036967|1|2|90014|20231228|
19080|98036967|1|2|90016|13514|
19080|98037002|1|1|90001|1|
19080|98037002|1|1|90002|PDI|
19080|98037002|1|1|90003|M|
19080|98037002|1|1|90004|5|
19080|98037002|1|1|90005|2023|
19080|98037002|1|1|90007|21|
19080|98037002|1|1|90008|2797|
19080|98037002|1|1|90009|50|
19080|98037002|1|1|90010|230200271629|
19080|98037002|1|1|90011|17526|
19080|98037002|1|1|90012|17526|
19080|98037002|1|1|90013|17526|
19080|98037002|1|1|90014|20230626|
19080|98037002|1|1|90016|11914|
19080|98037044|1|1|90001|1|
19080|98037044|1|1|90002|PDI|
19080|98037044|1|1|90003|M|
19080|98037044|1|1|90004|6|
19080|98037044|1|1|90005|2023|
19080|98037044|1|1|90007|1|
19080|98037044|1|1|90008|61373|
19080|98037044|1|1|90009|50|
19080|98037044|1|1|90010|230400256571|
19080|98037044|1|1|90011|144716|
19080|98037044|1|1|90012|106599|
19080|98037044|1|1|90013|106599|
19080|98037044|1|1|90014|20231212|
19080|98037044|1|1|90016|10114|
19080|98037073|1|1|90001|1|
19080|98037073|1|1|90002|SAF|
19080|98037073|1|1|90003|Y|
19080|98037073|1|1|90004|35|
19080|98037073|1|1|90005|2021|
19080|98037073|1|1|90007|1|
19080|98037073|1|1|90008|10747|
19080|98037073|1|1|90009|41|
19080|98037073|1|1|90010|220020114988|
19080|98037073|1|1|90011|551058|
19080|98037073|1|1|90012|243351|
19080|98037073|1|1|90013|281098|
19080|98037073|1|1|90014|20220330|
19080|98037073|1|1|90016|10114|
19080|98037072|1|1|90001|1|
19080|98037072|1|1|90002|SAF|
19080|98037072|1|1|90003|Y|
19080|98037072|1|1|90004|35|
19080|98037072|1|1|90005|2022|
19080|98037072|1|1|90007|1|
19080|98037072|1|1|90008|13565|
19080|98037072|1|1|90009|41|
19080|98037072|1|1|90010|230150036356|
19080|98037072|1|1|90011|263686|
19080|98037072|1|1|90012|202855|
19080|98037072|1|1|90013|221908|
19080|98037072|1|1|90014|20230330|
19080|98037072|1|1|90016|10114|
19080|98037284|1|1|90001|1|
19080|98037284|1|1|90002|SAF|
19080|98037284|1|1|90003|Y|
19080|98037284|1|1|90004|35|
19080|98037284|1|1|90005|2022|
19080|98037284|1|1|90007|35|
19080|98037284|1|1|90008|413|
19080|98037284|1|1|90009|41|
19080|98037284|1|1|90010|232690011145|
19080|98037284|1|1|90011|11639|
19080|98037284|1|1|90012|8377|
19080|98037284|1|1|90013|8377|
19080|98037284|1|1|90014|20230420|
19080|98037284|1|1|90016|13514|
19080|98037376|1|1|90001|1|
19080|98037376|1|1|90002|SAF|
19080|98037376|1|1|90003|Y|
19080|98037376|1|1|90004|35|
19080|98037376|1|1|90005|2022|
19080|98037376|1|1|90007|1|
19080|98037376|1|1|90008|738|
19080|98037376|1|1|90009|41|
19080|98037376|1|1|90010|230010528029|
19080|98037376|1|1|90011|9230|
19080|98037376|1|1|90012|2208|
19080|98037376|1|1|90013|2208|
19080|98037376|1|1|90014|20230612|
19080|98037376|1|1|90016|10114|
19080|98037465|1|1|90001|1|
19080|98037465|1|1|90002|PDI|
19080|98037465|1|1|90003|M|
19080|98037465|1|1|90004|2|
19080|98037465|1|1|90005|2022|
19080|98037465|1|1|90007|1|
19080|98037465|1|1|90008|12660|
19080|98037465|1|1|90009|50|
19080|98037465|1|1|90010|230660253112|
19080|98037465|1|1|90011|217456|
19080|98037465|1|1|90012|210945|
19080|98037465|1|1|90013|210945|
19080|98037465|1|1|90014|20231219|
19080|98037465|1|1|90016|10114|
19080|98037491|1|1|90001|1|
19080|98037491|1|1|90002|SAF|
19080|98037491|1|1|90003|M|
19080|98037491|1|1|90004|12|
19080|98037491|1|1|90005|2018|
19080|98037491|1|1|90007|21|
19080|98037491|1|1|90008|18417|
19080|98037491|1|1|90009|41|
19080|98037491|1|1|90010|293729668|
19080|98037491|1|1|90011|206018|
19080|98037491|1|1|90012|72774|
19080|98037491|1|1|90013|72774|
19080|98037491|1|1|90014|20190121|
19080|98037491|1|1|90016|11914|
19080|98037559|1|1|90001|1|
19080|98037559|1|1|90002|SAF|
19080|98037559|1|1|90003|Y|
19080|98037559|1|1|90004|35|
19080|98037559|1|1|90005|2019|
19080|98037559|1|1|90007|1|
19080|98037559|1|1|90008|293191|
19080|98037559|1|1|90009|50|
19080|98037559|1|1|90010|210210005393|
19080|98037559|1|1|90011|745533|
19080|98037559|1|1|90012|551575|
19080|98037559|1|1|90013|551575|
19080|98037559|1|1|90014|20210323|
19080|98037559|1|1|90016|10114|
19080|98037542|1|1|90001|1|
19080|98037542|1|1|90002|SAF|
19080|98037542|1|1|90003|Y|
19080|98037542|1|1|90004|35|
19080|98037542|1|1|90005|2022|
19080|98037542|1|1|90007|1|
19080|98037542|1|1|90008|57085|
19080|98037542|1|1|90009|41|
19080|98037542|1|1|90010|230010425149|
19080|98037542|1|1|90011|801254|
19080|98037542|1|1|90012|248544|
19080|98037542|1|1|90013|250135|
19080|98037542|1|1|90014|20230515|
19080|98037542|1|1|90016|10114|
19080|98037560|1|1|90001|1|
19080|98037560|1|1|90002|SAF|
19080|98037560|1|1|90003|Y|
19080|98037560|1|1|90004|35|
19080|98037560|1|1|90005|2022|
19080|98037560|1|1|90007|1|
19080|98037560|1|1|90008|7026|
19080|98037560|1|1|90009|50|
19080|98037560|1|1|90010|230010508660|
19080|98037560|1|1|90011|111697|
19080|98037560|1|1|90012|87501|
19080|98037560|1|1|90013|87501|
19080|98037560|1|1|90014|20230606|
19080|98037560|1|1|90016|10114|
19080|98037572|1|1|90001|1|
19080|98037572|1|1|90002|SAF|
19080|98037572|1|1|90003|Y|
19080|98037572|1|1|90004|35|
19080|98037572|1|1|90005|2022|
19080|98037572|1|1|90007|1|
19080|98037572|1|1|90008|30143|
19080|98037572|1|1|90009|41|
19080|98037572|1|1|90010|230130100930|
19080|98037572|1|1|90011|131790|
19080|98037572|1|1|90012|86082|
19080|98037572|1|1|90013|86082|
19080|98037572|1|1|90014|20230401|
19080|98037572|1|1|90016|10114|
19080|98037661|1|1|90001|1|
19080|98037661|1|1|90002|SAF|
19080|98037661|1|1|90003|Y|
19080|98037661|1|1|90004|35|
19080|98037661|1|1|90005|2021|
19080|98037661|1|1|90007|1|
19080|98037661|1|1|90008|277194|
19080|98037661|1|1|90009|41|
19080|98037661|1|1|90010|220000988908|
19080|98037661|1|1|90011|2728357|
19080|98037661|1|1|90012|300481|
19080|98037661|1|1|90013|302495|
19080|98037661|1|1|90014|20220406|
19080|98037661|1|1|90016|10114|
19080|98037678|1|1|90001|1|
19080|98037678|1|1|90002|SAF|
19080|98037678|1|1|90003|Y|
19080|98037678|1|1|90004|35|
19080|98037678|1|1|90005|2022|
19080|98037678|1|1|90007|35|
19080|98037678|1|1|90008|71|
19080|98037678|1|1|90009|41|
19080|98037678|1|1|90010|230000462671|
19080|98037678|1|1|90011|599|
19080|98037678|1|1|90012|599|
19080|98037678|1|1|90013|424|
19080|98037678|1|1|90014|20230606|
19080|98037678|1|1|90016|13514|
19080|98037917|1|1|90001|1|
19080|98037917|1|1|90002|SAF|
19080|98037917|1|1|90003|Y|
19080|98037917|1|1|90004|35|
19080|98037917|1|1|90005|2020|
19080|98037917|1|1|90007|35|
19080|98037917|1|1|90008|388|
19080|98037917|1|1|90009|41|
19080|98037917|1|1|90010|210110161197|
19080|98037917|1|1|90011|39370|
19080|98037917|1|1|90012|10617|
19080|98037917|1|1|90013|10685|
19080|98037917|1|1|90014|20200430|
19080|98037917|1|1|90016|13514|
19080|98038019|1|1|90001|1|
19080|98038019|1|1|90002|PDI|
19080|98038019|1|1|90003|M|
19080|98038019|1|1|90004|2|
19080|98038019|1|1|90005|2023|
19080|98038019|1|1|90007|7|
19080|98038019|1|1|90008|20|
19080|98038019|1|1|90009|41|
19080|98038019|1|1|90010|230810331025|
19080|98038019|1|1|90011|29|
19080|98038019|1|1|90012|29|
19080|98038019|1|1|90013|29|
19080|98038019|1|1|90014|20230311|
19080|98038019|1|1|90016|10514|
19080|98038276|1|1|90001|1|
19080|98038276|1|1|90002|PDI|
19080|98038276|1|1|90003|M|
19080|98038276|1|1|90004|11|
19080|98038276|1|1|90005|2022|
19080|98038276|1|1|90007|1|
19080|98038276|1|1|90008|948|
19080|98038276|1|1|90009|50|
19080|98038276|1|1|90010|230090383923|
19080|98038276|1|1|90011|13132|
19080|98038276|1|1|90012|13132|
19080|98038276|1|1|90013|13132|
19080|98038276|1|1|90014|20231013|
19080|98038276|1|1|90016|10114|
19080|98038431|1|1|90001|1|
19080|98038431|1|1|90002|SAF|
19080|98038431|1|1|90003|Y|
19080|98038431|1|1|90004|35|
19080|98038431|1|1|90005|2022|
19080|98038431|1|1|90007|35|
19080|98038431|1|1|90008|96|
19080|98038431|1|1|90009|41|
19080|98038431|1|1|90010|2315000792|
19080|98038431|1|1|90011|286|
19080|98038431|1|1|90012|96|
19080|98038431|1|1|90013|0|
19080|98038431|1|1|90014|20230414|
19080|98038431|1|1|90016|13514|
19080|98038749|1|1|90001|1|
19080|98038749|1|1|90002|SAF|
19080|98038749|1|1|90003|Y|
19080|98038749|1|1|90004|35|
19080|98038749|1|1|90005|2021|
19080|98038749|1|1|90007|1|
19080|98038749|1|1|90008|52144|
19080|98038749|1|1|90009|41|
19080|98038749|1|1|90010|220180018461|
19080|98038749|1|1|90011|2361616|
19080|98038749|1|1|90012|1931260|
19080|98038749|1|1|90013|1931260|
19080|98038749|1|1|90014|20220325|
19080|98038749|1|1|90016|10114|
19080|98038896|1|1|90001|1|
19080|98038896|1|1|90002|SAF|
19080|98038896|1|1|90003|Y|
19080|98038896|1|1|90004|35|
19080|98038896|1|1|90005|2020|
19080|98038896|1|1|90007|1|
19080|98038896|1|1|90008|350|
19080|98038896|1|1|90009|41|
19080|98038896|1|1|90010|210020106178|
19080|98038896|1|1|90011|9743|
19080|98038896|1|1|90012|7858|
19080|98038896|1|1|90013|7858|
19080|98038896|1|1|90014|20210329|
19080|98038896|1|1|90016|10114|
19080|98039079|1|1|90001|1|
19080|98039079|1|1|90002|SAF|
19080|98039079|1|1|90003|Y|
19080|98039079|1|1|90004|35|
19080|98039079|1|1|90005|2022|
19080|98039079|1|1|90007|1|
19080|98039079|1|1|90008|3882|
19080|98039079|1|1|90009|41|
19080|98039079|1|1|90010|230000479524|
19080|98039079|1|1|90011|47112|
19080|98039079|1|1|90012|39078|
19080|98039079|1|1|90013|39078|
19080|98039079|1|1|90014|20230403|
19080|98039079|1|1|90016|10114|
19080|98039183|1|1|90001|1|
19080|98039183|1|1|90002|SAF|
19080|98039183|1|1|90003|Y|
19080|98039183|1|1|90004|35|
19080|98039183|1|1|90005|2022|
19080|98039183|1|1|90007|35|
19080|98039183|1|1|90008|889|
19080|98039183|1|1|90009|41|
19080|98039183|1|1|90010|230720597613|
19080|98039183|1|1|90011|10655|
19080|98039183|1|1|90012|6773|
19080|98039183|1|1|90013|6773|
19080|98039183|1|1|90014|20230427|
19080|98039183|1|1|90016|13514|
19080|98039636|1|1|90001|1|
19080|98039636|1|1|90002|SAF|
19080|98039636|1|1|90003|Y|
19080|98039636|1|1|90004|35|
19080|98039636|1|1|90005|2018|
19080|98039636|1|1|90007|35|
19080|98039636|1|1|90008|3252|
19080|98039636|1|1|90009|41|
19080|98039636|1|1|90010|230011020837|
19080|98039636|1|1|90011|3252|
19080|98039636|1|1|90012|3252|
19080|98039636|1|1|90013|3252|
19080|98039636|1|1|90014|20231228|
19080|98039636|1|1|90016|13514|
19080|98039636|1|2|90001|2|
19080|98039636|1|2|90002|SAF|
19080|98039636|1|2|90003|Y|
19080|98039636|1|2|90004|35|
19080|98039636|1|2|90005|2019|
19080|98039636|1|2|90007|35|
19080|98039636|1|2|90008|535|
19080|98039636|1|2|90009|41|
19080|98039636|1|2|90010|230080640774|
19080|98039636|1|2|90011|875|
19080|98039636|1|2|90012|875|
19080|98039636|1|2|90013|875|
19080|98039636|1|2|90014|20231228|
19080|98039636|1|2|90016|13514|
19080|98039778|1|1|90001|1|
19080|98039778|1|1|90002|SAF|
19080|98039778|1|1|90003|Y|
19080|98039778|1|1|90004|35|
19080|98039778|1|1|90005|2021|
19080|98039778|1|1|90007|35|
19080|98039778|1|1|90008|5044|
19080|98039778|1|1|90009|41|
19080|98039778|1|1|90010|220500067075|
19080|98039778|1|1|90011|18380|
19080|98039778|1|1|90012|18380|
19080|98039778|1|1|90013|13336|
19080|98039778|1|1|90014|20220420|
19080|98039778|1|1|90016|13514|
19080|98039872|1|1|90001|1|
19080|98039872|1|1|90002|SAF|
19080|98039872|1|1|90003|Y|
19080|98039872|1|1|90004|35|
19080|98039872|1|1|90005|2022|
19080|98039872|1|1|90007|35|
19080|98039872|1|1|90008|889|
19080|98039872|1|1|90009|41|
19080|98039872|1|1|90010|230720597613|
19080|98039872|1|1|90011|10655|
19080|98039872|1|1|90012|6773|
19080|98039872|1|1|90013|6773|
19080|98039872|1|1|90014|20230427|
19080|98039872|1|1|90016|13514|
19080|98039894|1|1|90001|1|
19080|98039894|1|1|90002|PDI|
19080|98039894|1|1|90003|M|
19080|98039894|1|1|90004|8|
19080|98039894|1|1|90005|2023|
19080|98039894|1|1|90007|1|
19080|98039894|1|1|90008|13212|
19080|98039894|1|1|90009|50|
19080|98039894|1|1|90010|230901734203|
19080|98039894|1|1|90011|1167488|
19080|98039894|1|1|90012|616570|
19080|98039894|1|1|90013|616570|
19080|98039894|1|1|90014|20231216|
19080|98039894|1|1|90016|10114|
19080|98039962|1|1|90001|1|
19080|98039962|1|1|90002|SAF|
19080|98039962|1|1|90003|Y|
19080|98039962|1|1|90004|35|
19080|98039962|1|1|90005|2020|
19080|98039962|1|1|90007|35|
19080|98039962|1|1|90008|3130|
19080|98039962|1|1|90009|41|
19080|98039962|1|1|90010|230060241280|
19080|98039962|1|1|90011|4175|
19080|98039962|1|1|90012|4175|
19080|98039962|1|1|90013|4175|
19080|98039962|1|1|90014|20230501|
19080|98039962|1|1|90016|13514|
19080|98040025|1|1|90001|1|
19080|98040025|1|1|90002|SAF|
19080|98040025|1|1|90003|Y|
19080|98040025|1|1|90004|35|
19080|98040025|1|1|90005|2018|
19080|98040025|1|1|90007|35|
19080|98040025|1|1|90008|2148|
19080|98040025|1|1|90009|41|
19080|98040025|1|1|90010|85629832|
19080|98040025|1|1|90011|25482|
19080|98040025|1|1|90012|25482|
19080|98040025|1|1|90013|25482|
19080|98040025|1|1|90014|20190814|
19080|98040025|1|1|90016|13514|
19080|98040079|1|1|90001|1|
19080|98040079|1|1|90002|PDI|
19080|98040079|1|1|90003|M|
19080|98040079|1|1|90004|5|
19080|98040079|1|1|90005|2023|
19080|98040079|1|1|90007|40|
19080|98040079|1|1|90008|412|
19080|98040079|1|1|90009|41|
19080|98040079|1|1|90010|230500254998|
19080|98040079|1|1|90011|2540|
19080|98040079|1|1|90012|2540|
19080|98040079|1|1|90013|2540|
19080|98040079|1|1|90014|20231206|
19080|98040079|1|1|90016|112914|
19080|98040081|1|1|90001|1|
19080|98040081|1|1|90002|SAF|
19080|98040081|1|1|90003|Y|
19080|98040081|1|1|90004|35|
19080|98040081|1|1|90005|2021|
19080|98040081|1|1|90007|35|
19080|98040081|1|1|90008|6|
19080|98040081|1|1|90009|41|
19080|98040081|1|1|90010|220190103723|
19080|98040081|1|1|90011|2619|
19080|98040081|1|1|90012|2414|
19080|98040081|1|1|90013|2414|
19080|98040081|1|1|90014|20220423|
19080|98040081|1|1|90016|13514|
19080|98040090|1|1|90001|1|
19080|98040090|1|1|90002|SAF|
19080|98040090|1|1|90003|Y|
19080|98040090|1|1|90004|35|
19080|98040090|1|1|90005|2020|
19080|98040090|1|1|90007|1|
19080|98040090|1|1|90008|366|
19080|98040090|1|1|90009|41|
19080|98040090|1|1|90010|210200019926|
19080|98040090|1|1|90011|74424|
19080|98040090|1|1|90012|87540|
19080|98040090|1|1|90013|87540|
19080|98040090|1|1|90014|20210327|
19080|98040090|1|1|90016|10114|
19080|98040561|1|1|90001|1|
19080|98040561|1|1|90002|SAF|
19080|98040561|1|1|90003|Y|
19080|98040561|1|1|90004|35|
19080|98040561|1|1|90005|2022|
19080|98040561|1|1|90007|35|
19080|98040561|1|1|90008|883|
19080|98040561|1|1|90009|41|
19080|98040561|1|1|90010|230270071780|
19080|98040561|1|1|90011|4164|
19080|98040561|1|1|90012|1874|
19080|98040561|1|1|90013|1874|
19080|98040561|1|1|90014|20230427|
19080|98040561|1|1|90016|13514|
19080|98040556|1|1|90001|1|
19080|98040556|1|1|90002|SAF|
19080|98040556|1|1|90003|Y|
19080|98040556|1|1|90004|35|
19080|98040556|1|1|90005|2020|
19080|98040556|1|1|90007|1|
19080|98040556|1|1|90008|19173|
19080|98040556|1|1|90009|41|
19080|98040556|1|1|90010|210010548220|
19080|98040556|1|1|90011|540330|
19080|98040556|1|1|90012|540330|
19080|98040556|1|1|90013|638380|
19080|98040556|1|1|90014|20210608|
19080|98040556|1|1|90016|10114|
19080|98040849|1|1|90001|1|
19080|98040849|1|1|90002|SAF|
19080|98040849|1|1|90003|Y|
19080|98040849|1|1|90004|35|
19080|98040849|1|1|90005|2022|
19080|98040849|1|1|90007|35|
19080|98040849|1|1|90008|154|
19080|98040849|1|1|90009|41|
19080|98040849|1|1|90010|234110011324|
19080|98040849|1|1|90011|6085|
19080|98040849|1|1|90012|3116|
19080|98040849|1|1|90013|3116|
19080|98040849|1|1|90014|20230426|
19080|98040849|1|1|90016|13514|
19080|98040980|1|1|90001|1|
19080|98040980|1|1|90002|SAF|
19080|98040980|1|1|90003|Y|
19080|98040980|1|1|90004|35|
19080|98040980|1|1|90005|2022|
19080|98040980|1|1|90007|1|
19080|98040980|1|1|90008|666|
19080|98040980|1|1|90009|41|
19080|98040980|1|1|90010|230000239971|
19080|98040980|1|1|90011|29092|
19080|98040980|1|1|90012|14385|
19080|98040980|1|1|90013|13728|
19080|98040980|1|1|90014|20230402|
19080|98040980|1|1|90016|10114|
19080|98041053|1|1|90001|1|
19080|98041053|1|1|90002|SAF|
19080|98041053|1|1|90003|Y|
19080|98041053|1|1|90004|35|
19080|98041053|1|1|90005|2020|
19080|98041053|1|1|90007|35|
19080|98041053|1|1|90008|1296|
19080|98041053|1|1|90009|41|
19080|98041053|1|1|90010|210220157765|
19080|98041053|1|1|90011|54759|
19080|98041053|1|1|90012|40410|
19080|98041053|1|1|90013|40410|
19080|98041053|1|1|90014|20210428|
19080|98041053|1|1|90016|13514|
19080|98041155|1|1|90001|1|
19080|98041155|1|1|90002|SAF|
19080|98041155|1|1|90003|Y|
19080|98041155|1|1|90004|35|
19080|98041155|1|1|90005|2022|
19080|98041155|1|1|90007|1|
19080|98041155|1|1|90008|11628|
19080|98041155|1|1|90009|41|
19080|98041155|1|1|90010|230030166875|
19080|98041155|1|1|90011|113996|
19080|98041155|1|1|90012|85959|
19080|98041155|1|1|90013|86827|
19080|98041155|1|1|90014|20230410|
19080|98041155|1|1|90016|10114|
19080|98041207|1|1|90001|1|
19080|98041207|1|1|90002|PDI|
19080|98041207|1|1|90003|M|
19080|98041207|1|1|90004|10|
19080|98041207|1|1|90005|2021|
19080|98041207|1|1|90007|21|
19080|98041207|1|1|90008|38646|
19080|98041207|1|1|90009|41|
19080|98041207|1|1|90010|448410031|
19080|98041207|1|1|90011|368335|
19080|98041207|1|1|90012|94803|
19080|98041207|1|1|90013|94803|
19080|98041207|1|1|90014|20211109|
19080|98041207|1|1|90016|11914|
19080|98041301|1|1|90001|1|
19080|98041301|1|1|90002|PDI|
19080|98041301|1|1|90003|M|
19080|98041301|1|1|90004|9|
19080|98041301|1|1|90005|2023|
19080|98041301|1|1|90007|1|
19080|98041301|1|1|90008|869|
19080|98041301|1|1|90009|50|
19080|98041301|1|1|90010|230340272280|
19080|98041301|1|1|90011|869|
19080|98041301|1|1|90012|869|
19080|98041301|1|1|90013|869|
19080|98041301|1|1|90014|20231221|
19080|98041301|1|1|90016|10114|
19080|98041363|1|1|90001|1|
19080|98041363|1|1|90002|SAF|
19080|98041363|1|1|90003|Y|
19080|98041363|1|1|90004|35|
19080|98041363|1|1|90005|2021|
19080|98041363|1|1|90007|1|
19080|98041363|1|1|90008|82525|
19080|98041363|1|1|90009|41|
19080|98041363|1|1|90010|220250040016|
19080|98041363|1|1|90011|1969530|
19080|98041363|1|1|90012|741053|
19080|98041363|1|1|90013|741053|
19080|98041363|1|1|90014|20220331|
19080|98041363|1|1|90016|10114|
19080|98041459|1|1|90001|1|
19080|98041459|1|1|90002|PDI|
19080|98041459|1|1|90003|M|
19080|98041459|1|1|90004|9|
19080|98041459|1|1|90005|2023|
19080|98041459|1|1|90007|14|
19080|98041459|1|1|90008|53249|
19080|98041459|1|1|90009|50|
19080|98041459|1|1|90010|551445875|
19080|98041459|1|1|90011|53249|
19080|98041459|1|1|90012|53249|
19080|98041459|1|1|90013|53249|
19080|98041459|1|1|90014|20231018|
19080|98041459|1|1|90016|11214|
19080|98041459|1|2|90001|2|
19080|98041459|1|2|90002|PDI|
19080|98041459|1|2|90003|M|
19080|98041459|1|2|90004|9|
19080|98041459|1|2|90005|2023|
19080|98041459|1|2|90007|15|
19080|98041459|1|2|90008|18534|
19080|98041459|1|2|90009|50|
19080|98041459|1|2|90010|551445875|
19080|98041459|1|2|90011|18534|
19080|98041459|1|2|90012|18534|
19080|98041459|1|2|90013|18534|
19080|98041459|1|2|90014|20231018|
19080|98041459|1|2|90016|11314|
19080|98041536|1|1|90001|1|
19080|98041536|1|1|90002|SAF|
19080|98041536|1|1|90003|Y|
19080|98041536|1|1|90004|35|
19080|98041536|1|1|90005|2022|
19080|98041536|1|1|90007|35|
19080|98041536|1|1|90008|3895|
19080|98041536|1|1|90009|41|
19080|98041536|1|1|90010|230720597613|
19080|98041536|1|1|90011|10665|
19080|98041536|1|1|90012|5884|
19080|98041536|1|1|90013|5884|
19080|98041536|1|1|90014|20230427|
19080|98041536|1|1|90016|13514|
19080|98041609|1|1|90001|1|
19080|98041609|1|1|90002|PDI|
19080|98041609|1|1|90003|M|
19080|98041609|1|1|90004|3|
19080|98041609|1|1|90005|2023|
19080|98041609|1|1|90007|40|
19080|98041609|1|1|90008|7499|
19080|98041609|1|1|90009|41|
19080|98041609|1|1|90010|230040866059|
19080|98041609|1|1|90011|13957|
19080|98041609|1|1|90012|7499|
19080|98041609|1|1|90013|7499|
19080|98041609|1|1|90014|20231228|
19080|98041609|1|1|90016|112914|
19080|98041927|1|1|90001|1|
19080|98041927|1|1|90002|SAF|
19080|98041927|1|1|90003|Y|
19080|98041927|1|1|90004|35|
19080|98041927|1|1|90005|2022|
19080|98041927|1|1|90007|1|
19080|98041927|1|1|90008|19126|
19080|98041927|1|1|90009|41|
19080|98041927|1|1|90010|230050130837|
19080|98041927|1|1|90011|710559|
19080|98041927|1|1|90012|394779|
19080|98041927|1|1|90013|394779|
19080|98041927|1|1|90014|20230323|
19080|98041927|1|1|90016|10114|
19080|98042376|1|1|90001|1|
19080|98042376|1|1|90002|PDI|
19080|98042376|1|1|90003|M|
19080|98042376|1|1|90004|1|
19080|98042376|1|1|90005|2023|
19080|98042376|1|1|90007|1|
19080|98042376|1|1|90008|31658|
19080|98042376|1|1|90009|50|
19080|98042376|1|1|90010|230241642441|
19080|98042376|1|1|90011|31658|
19080|98042376|1|1|90012|31658|
19080|98042376|1|1|90013|31658|
19080|98042376|1|1|90014|20231212|
19080|98042376|1|1|90016|10114|
19080|98042376|1|2|90001|2|
19080|98042376|1|2|90002|PDI|
19080|98042376|1|2|90003|M|
19080|98042376|1|2|90004|2|
19080|98042376|1|2|90005|2023|
19080|98042376|1|2|90007|1|
19080|98042376|1|2|90008|29510|
19080|98042376|1|2|90009|50|
19080|98042376|1|2|90010|230750256499|
19080|98042376|1|2|90011|29510|
19080|98042376|1|2|90012|29510|
19080|98042376|1|2|90013|29510|
19080|98042376|1|2|90014|20231222|
19080|98042376|1|2|90016|10114|
19080|98042376|1|3|90001|3|
19080|98042376|1|3|90002|SAF|
19080|98042376|1|3|90003|Y|
19080|98042376|1|3|90004|35|
19080|98042376|1|3|90005|2022|
19080|98042376|1|3|90007|1|
19080|98042376|1|3|90008|58660|
19080|98042376|1|3|90009|50|
19080|98042376|1|3|90010|230000715568|
19080|98042376|1|3|90011|348043|
19080|98042376|1|3|90012|348043|
19080|98042376|1|3|90013|351587|
19080|98042376|1|3|90014|20230915|
19080|98042376|1|3|90016|10114|
19080|98042481|1|1|90001|1|
19080|98042481|1|1|90002|PDI|
19080|98042481|1|1|90003|M|
19080|98042481|1|1|90004|10|
19080|98042481|1|1|90005|2023|
19080|98042481|1|1|90007|39|
19080|98042481|1|1|90008|640|
19080|98042481|1|1|90009|50|
19080|98042481|1|1|90010|230440335159|
19080|98042481|1|1|90011|640|
19080|98042481|1|1|90012|640|
19080|98042481|1|1|90013|640|
19080|98042481|1|1|90014|20231127|
19080|98042481|1|1|90016|112814|
19080|98042481|2|1|90001|1|
19080|98042481|2|1|90002|PDI|
19080|98042481|2|1|90003|M|
19080|98042481|2|1|90004|10|
19080|98042481|2|1|90005|2023|
19080|98042481|2|1|90007|40|
19080|98042481|2|1|90008|4549|
19080|98042481|2|1|90009|50|
19080|98042481|2|1|90010|230440335159|
19080|98042481|2|1|90011|4549|
19080|98042481|2|1|90012|4549|
19080|98042481|2|1|90013|4549|
19080|98042481|2|1|90014|20231127|
19080|98042481|2|1|90016|112914|
19080|98042929|1|1|90001|1|
19080|98042929|1|1|90002|SAF|
19080|98042929|1|1|90003|Y|
19080|98042929|1|1|90004|35|
19080|98042929|1|1|90005|2021|
19080|98042929|1|1|90007|1|
19080|98042929|1|1|90008|5000|
19080|98042929|1|1|90009|41|
19080|98042929|1|1|90010|220090070811|
19080|98042929|1|1|90011|210388|
19080|98042929|1|1|90012|169125|
19080|98042929|1|1|90013|169125|
19080|98042929|1|1|90014|20220331|
19080|98042929|1|1|90016|10114|
19080|98042932|1|1|90001|1|
19080|98042932|1|1|90002|SAF|
19080|98042932|1|1|90003|Y|
19080|98042932|1|1|90004|35|
19080|98042932|1|1|90005|2021|
19080|98042932|1|1|90007|35|
19080|98042932|1|1|90008|6|
19080|98042932|1|1|90009|41|
19080|98042932|1|1|90010|220190103723|
19080|98042932|1|1|90011|2619|
19080|98042932|1|1|90012|2408|
19080|98042932|1|1|90013|2408|
19080|98042932|1|1|90014|20220423|
19080|98042932|1|1|90016|13514|
19080|98042988|1|1|90001|1|
19080|98042988|1|1|90002|SAF|
19080|98042988|1|1|90003|Y|
19080|98042988|1|1|90004|35|
19080|98042988|1|1|90005|2019|
19080|98042988|1|1|90007|35|
19080|98042988|1|1|90008|6561|
19080|98042988|1|1|90009|41|
19080|98042988|1|1|90010|200030441700|
19080|98042988|1|1|90011|136388|
19080|98042988|1|1|90012|159939|
19080|98042988|1|1|90013|196733|
19080|98042988|1|1|90014|20200629|
19080|98042988|1|1|90016|13514|
19080|98044229|1|1|90001|1|
19080|98044229|1|1|90002|SAF|
19080|98044229|1|1|90003|Y|
19080|98044229|1|1|90004|35|
19080|98044229|1|1|90005|2020|
19080|98044229|1|1|90007|1|
19080|98044229|1|1|90008|69829|
19080|98044229|1|1|90009|50|
19080|98044229|1|1|90010|230011017924|
19080|98044229|1|1|90011|696226|
19080|98044229|1|1|90012|627694|
19080|98044229|1|1|90013|627694|
19080|98044229|1|1|90014|20231227|
19080|98044229|1|1|90016|10114|
19080|98044341|1|1|90001|1|
19080|98044341|1|1|90002|SAF|
19080|98044341|1|1|90003|Y|
19080|98044341|1|1|90004|35|
19080|98044341|1|1|90005|2020|
19080|98044341|1|1|90007|1|
19080|98044341|1|1|90008|44|
19080|98044341|1|1|90009|50|
19080|98044341|1|1|90010|210270005712|
19080|98044341|1|1|90011|2755|
19080|98044341|1|1|90012|1225|
19080|98044341|1|1|90013|1225|
19080|98044341|1|1|90014|20210326|
19080|98044341|1|1|90016|10114|
19080|98044334|1|1|90001|1|
19080|98044334|1|1|90002|SAF|
19080|98044334|1|1|90003|Y|
19080|98044334|1|1|90004|35|
19080|98044334|1|1|90005|2022|
19080|98044334|1|1|90007|35|
19080|98044334|1|1|90008|407|
19080|98044334|1|1|90009|41|
19080|98044334|1|1|90010|234310009202|
19080|98044334|1|1|90011|11967|
19080|98044334|1|1|90012|10284|
19080|98044334|1|1|90013|10350|
19080|98044334|1|1|90014|20230421|
19080|98044334|1|1|90016|13514|
19080|98044597|2|1|90001|1|
19080|98044597|2|1|90002|SAF|
19080|98044597|2|1|90003|M|
19080|98044597|2|1|90004|2|
19080|98044597|2|1|90005|2017|
19080|98044597|2|1|90007|21|
19080|98044597|2|1|90008|1380|
19080|98044597|2|1|90009|41|
19080|98044597|2|1|90010|205310242|
19080|98044597|2|1|90011|41136|
19080|98044597|2|1|90012|22818|
19080|98044597|2|1|90013|21438|
19080|98044597|2|1|90014|20170202|
19080|98044597|2|1|90016|11914|
19080|98044796|1|1|90001|1|
19080|98044796|1|1|90002|SAF|
19080|98044796|1|1|90003|Y|
19080|98044796|1|1|90004|35|
19080|98044796|1|1|90005|2020|
19080|98044796|1|1|90007|35|
19080|98044796|1|1|90008|1692|
19080|98044796|1|1|90009|41|
19080|98044796|1|1|90010|210200179892|
19080|98044796|1|1|90011|9845|
19080|98044796|1|1|90012|6992|
19080|98044796|1|1|90013|6992|
19080|98044796|1|1|90014|20210505|
19080|98044796|1|1|90016|13514|
19080|98044922|1|1|90001|1|
19080|98044922|1|1|90002|SAF|
19080|98044922|1|1|90003|Y|
19080|98044922|1|1|90004|35|
19080|98044922|1|1|90005|2021|
19080|98044922|1|1|90007|1|
19080|98044922|1|1|90008|13987|
19080|98044922|1|1|90009|41|
19080|98044922|1|1|90010|220000974236|
19080|98044922|1|1|90011|156486|
19080|98044922|1|1|90012|58672|
19080|98044922|1|1|90013|58672|
19080|98044922|1|1|90014|20220331|
19080|98044922|1|1|90016|10114|
19080|98044932|1|1|90001|1|
19080|98044932|1|1|90002|SAF|
19080|98044932|1|1|90003|Y|
19080|98044932|1|1|90004|35|
19080|98044932|1|1|90005|2019|
19080|98044932|1|1|90007|35|
19080|98044932|1|1|90008|19332|
19080|98044932|1|1|90009|41|
19080|98044932|1|1|90010|200260071277|
19080|98044932|1|1|90011|175214|
19080|98044932|1|1|90012|108580|
19080|98044932|1|1|90013|108580|
19080|98044932|1|1|90014|20200630|
19080|98044932|1|1|90016|13514|
19080|98045005|1|1|90001|1|
19080|98045005|1|1|90002|SAF|
19080|98045005|1|1|90003|Y|
19080|98045005|1|1|90004|35|
19080|98045005|1|1|90005|2022|
19080|98045005|1|1|90007|1|
19080|98045005|1|1|90008|3373|
19080|98045005|1|1|90009|41|
19080|98045005|1|1|90010|230030163777|
19080|98045005|1|1|90011|16715|
19080|98045005|1|1|90012|6441|
19080|98045005|1|1|90013|6441|
19080|98045005|1|1|90014|20230406|
19080|98045005|1|1|90016|10114|
19080|98045052|1|1|90001|1|
19080|98045052|1|1|90002|SAF|
19080|98045052|1|1|90003|Y|
19080|98045052|1|1|90004|35|
19080|98045052|1|1|90005|2019|
19080|98045052|1|1|90007|35|
19080|98045052|1|1|90008|25198|
19080|98045052|1|1|90009|41|
19080|98045052|1|1|90010|200260071277|
19080|98045052|1|1|90011|175214|
19080|98045052|1|1|90012|133778|
19080|98045052|1|1|90013|133778|
19080|98045052|1|1|90014|20200630|
19080|98045052|1|1|90016|13514|
19080|98045123|1|1|90001|1|
19080|98045123|1|1|90002|SAF|
19080|98045123|1|1|90003|Y|
19080|98045123|1|1|90004|35|
19080|98045123|1|1|90005|2022|
19080|98045123|1|1|90007|1|
19080|98045123|1|1|90008|932|
19080|98045123|1|1|90009|41|
19080|98045123|1|1|90010|230090056740|
19080|98045123|1|1|90011|35166|
19080|98045123|1|1|90012|19130|
19080|98045123|1|1|90013|19130|
19080|98045123|1|1|90014|20230322|
19080|98045123|1|1|90016|10114|
19080|98045295|1|1|90001|1|
19080|98045295|1|1|90002|PDI|
19080|98045295|1|1|90003|M|
19080|98045295|1|1|90004|10|
19080|98045295|1|1|90005|2023|
19080|98045295|1|1|90007|14|
19080|98045295|1|1|90008|41561|
19080|98045295|1|1|90009|50|
19080|98045295|1|1|90010|558977940|
19080|98045295|1|1|90011|41561|
19080|98045295|1|1|90012|41561|
19080|98045295|1|1|90013|41561|
19080|98045295|1|1|90014|20231211|
19080|98045295|1|1|90016|11214|
19080|98045321|1|1|90001|1|
19080|98045321|1|1|90002|SAF|
19080|98045321|1|1|90003|Y|
19080|98045321|1|1|90004|35|
19080|98045321|1|1|90005|2020|
19080|98045321|1|1|90007|35|
19080|98045321|1|1|90008|474|
19080|98045321|1|1|90009|41|
19080|98045321|1|1|90010|230080641011|
19080|98045321|1|1|90011|1040|
19080|98045321|1|1|90012|1040|
19080|98045321|1|1|90013|1040|
19080|98045321|1|1|90014|20231229|
19080|98045321|1|1|90016|13514|
19080|98045407|1|1|90001|1|
19080|98045407|1|1|90002|SAF|
19080|98045407|1|1|90003|Y|
19080|98045407|1|1|90004|35|
19080|98045407|1|1|90005|2023|
19080|98045407|1|1|90007|1|
19080|98045407|1|1|90008|124175|
19080|98045407|1|1|90009|41|
19080|98045407|1|1|90010|230150034426|
19080|98045407|1|1|90011|1258806|
19080|98045407|1|1|90012|563730|
19080|98045407|1|1|90013|567339|
19080|98045407|1|1|90014|20230329|
19080|98045407|1|1|90016|10114|
19080|98045376|1|1|90001|1|
19080|98045376|1|1|90002|SAF|
19080|98045376|1|1|90003|M|
19080|98045376|1|1|90004|8|
19080|98045376|1|1|90005|2018|
19080|98045376|1|1|90007|21|
19080|98045376|1|1|90008|28429|
19080|98045376|1|1|90009|41|
19080|98045376|1|1|90010|275780352|
19080|98045376|1|1|90011|39333|
19080|98045376|1|1|90012|28429|
19080|98045376|1|1|90013|28429|
19080|98045376|1|1|90014|20180911|
19080|98045376|1|1|90016|11914|
19080|98045376|1|2|90001|2|
19080|98045376|1|2|90002|SAF|
19080|98045376|1|2|90003|M|
19080|98045376|1|2|90004|9|
19080|98045376|1|2|90005|2018|
19080|98045376|1|2|90007|21|
19080|98045376|1|2|90008|23342|
19080|98045376|1|2|90009|50|
19080|98045376|1|2|90010|280997023|
19080|98045376|1|2|90011|22279|
19080|98045376|1|2|90012|22279|
19080|98045376|1|2|90013|29018|
19080|98045376|1|2|90014|20181018|
19080|98045376|1|2|90016|11914|
19080|98045412|1|1|90001|1|
19080|98045412|1|1|90002|SAF|
19080|98045412|1|1|90003|Y|
19080|98045412|1|1|90004|35|
19080|98045412|1|1|90005|2019|
19080|98045412|1|1|90007|35|
19080|98045412|1|1|90008|660|
19080|98045412|1|1|90009|41|
19080|98045412|1|1|90010|200080252270|
19080|98045412|1|1|90011|76140|
19080|98045412|1|1|90012|32519|
19080|98045412|1|1|90013|40810|
19080|98045412|1|1|90014|20200521|
19080|98045412|1|1|90016|13514|
19080|98045627|1|1|90001|1|
19080|98045627|1|1|90002|SAF|
19080|98045627|1|1|90003|Y|
19080|98045627|1|1|90004|35|
19080|98045627|1|1|90005|2019|
19080|98045627|1|1|90007|1|
19080|98045627|1|1|90008|284579|
19080|98045627|1|1|90009|41|
19080|98045627|1|1|90010|200060082788|
19080|98045627|1|1|90011|435745|
19080|98045627|1|1|90012|284579|
19080|98045627|1|1|90013|284579|
19080|98045627|1|1|90014|20200330|
19080|98045627|1|1|90016|10114|
19080|98045627|1|2|90001|2|
19080|98045627|1|2|90002|SAF|
19080|98045627|1|2|90003|Y|
19080|98045627|1|2|90004|35|
19080|98045627|1|2|90005|2020|
19080|98045627|1|2|90007|1|
19080|98045627|1|2|90008|248625|
19080|98045627|1|2|90009|41|
19080|98045627|1|2|90010|210290016368|
19080|98045627|1|2|90011|403214|
19080|98045627|1|2|90012|403214|
19080|98045627|1|2|90013|403214|
19080|98045627|1|2|90014|20210329|
19080|98045627|1|2|90016|10114|
19080|98045656|1|1|90001|1|
19080|98045656|1|1|90002|SAF|
19080|98045656|1|1|90003|Y|
19080|98045656|1|1|90004|35|
19080|98045656|1|1|90005|2021|
19080|98045656|1|1|90007|1|
19080|98045656|1|1|90008|359401|
19080|98045656|1|1|90009|50|
19080|98045656|1|1|90010|230010140887|
19080|98045656|1|1|90011|56644549|
19080|98045656|1|1|90012|54963089|
19080|98045656|1|1|90013|55138755|
19080|98045656|1|1|90014|20230303|
19080|98045656|1|1|90016|10114|
19080|98045700|1|1|90001|1|
19080|98045700|1|1|90002|SAF|
19080|98045700|1|1|90003|Y|
19080|98045700|1|1|90004|35|
19080|98045700|1|1|90005|2022|
19080|98045700|1|1|90007|35|
19080|98045700|1|1|90008|675|
19080|98045700|1|1|90009|41|
19080|98045700|1|1|90010|234140007311|
19080|98045700|1|1|90011|4735|
19080|98045700|1|1|90012|1000|
19080|98045700|1|1|90013|1000|
19080|98045700|1|1|90014|20230413|
19080|98045700|1|1|90016|13514|
19080|98045872|1|1|90001|1|
19080|98045872|1|1|90002|SAF|
19080|98045872|1|1|90003|Y|
19080|98045872|1|1|90004|35|
19080|98045872|1|1|90005|2022|
19080|98045872|1|1|90007|1|
19080|98045872|1|1|90008|28883|
19080|98045872|1|1|90009|41|
19080|98045872|1|1|90010|230010460555|
19080|98045872|1|1|90011|111354|
19080|98045872|1|1|90012|80630|
19080|98045872|1|1|90013|80630|
19080|98045872|1|1|90014|20230523|
19080|98045872|1|1|90016|10114|
19080|98046001|1|1|90001|1|
19080|98046001|1|1|90002|SAF|
19080|98046001|1|1|90003|Y|
19080|98046001|1|1|90004|35|
19080|98046001|1|1|90005|2021|
19080|98046001|1|1|90007|35|
19080|98046001|1|1|90008|2149|
19080|98046001|1|1|90009|41|
19080|98046001|1|1|90010|221260034292|
19080|98046001|1|1|90011|21371|
19080|98046001|1|1|90012|21371|
19080|98046001|1|1|90013|21371|
19080|98046001|1|1|90014|20220416|
19080|98046001|1|1|90016|13514|
