19080|98031632|1|19223|12/29/2023|19215|1000.0|
19080|98031887|1|19223|12/16/2023|19215|68433.0|
19080|98032089|1|19223|12/22/2023|19215|16441.0|
19080|98032166|1|19223|11/23/2023|19215|38.0|
19080|98032467|1|19223|09/13/2023|19215|202.0|
19080|98032521|1|112923|11/21/2023|712942|7318.0|
19080|98032625|2|18523|12/29/2023|18515|49.0|
19080|98032808|1|19223|12/02/2023|19215|2538.0|
19080|98032885|2|18523|12/29/2023|18515|23.0|
19080|98033461|2|18523|12/03/2023|18515|779.0|
19080|98033561|1|11023|09/02/2023|11015|691.0|
19080|98033932|1|11023|10/30/2023|11015|639.0|
19080|98033944|1|11023|05/17/2023|11015|241668.0|
19080|98034126|1|10123|05/17/2023|70142|206.0|
19080|98034155|1|11023|11/28/2023|11015|1136346.0|
19080|98034453|1|11023|12/19/2023|11015|148559.0|
19080|98034467|1|11123|07/17/2023|11115|1549.0|
19080|98034506|1|11123|12/18/2023|71142|8265.0|
19080|98034602|1|10123|09/20/2023|10115|10844.0|
19080|98034893|1|11023|10/12/2023|11015|2094132.0|
19080|98035055|1|11123|06/19/2023|11115|3599.0|
19080|98035172|1|10123|05/17/2023|10115|79063.0|
19080|98035207|1|19223|03/01/2019|19215|938.0|
19080|98035208|1|19223|10/08/2023|19215|889.0|
19080|98035244|1|11023|09/20/2023|11015|271087.0|
19080|98035349|1|10123|05/30/2023|10115|2669.0|
19080|98035468|1|10123|12/18/2023|10115|193598.0|
19080|98035486|1|10123|12/22/2023|10115|2425.0|
19080|98035569|1|10123|03/21/2023|10115|3137558.0|
19080|98035625|1|12123|02/28/2023|12115|7479.0|
19080|98035765|1|11123|05/29/2023|11115|3360.0|
19080|98035765|2|12123|08/14/2023|12115|117.0|
19080|98035762|1|10123|12/21/2023|10115|42343.0|
19080|98035762|2|11023|12/21/2023|11015|396507.0|
19080|98035786|1|112823|02/15/2023|112815|434.0|
19080|98035898|1|112823|12/26/2023|112815|3268.0|
19080|98036277|1|10123|11/22/2023|10115|21458.0|
19080|98036319|1|10123|10/13/2023|10115|225886.0|
19080|98036316|1|11023|12/19/2023|11015|148559.0|
19080|98036493|3|18523|12/28/2023|18515|339.0|
19080|98036555|1|11023|12/04/2023|11015|460.0|
19080|98036828|1|11023|03/21/2023|11015|51759.0|
19080|98036960|1|10123|09/29/2023|10115|3192.0|
19080|98036999|1|10123|03/28/2023|10115|10032.0|
19080|98037171|1|112923|12/15/2023|112915|53333.0|
19080|98037243|1|112923|12/15/2023|112915|53333.0|
19080|98037351|1|10123|12/04/2023|10115|1422.0|
19080|98037512|1|112823|04/17/2023|112815|103.0|
19080|98037512|2|112923|04/17/2023|112915|13.0|
19080|98037579|1|11023|04/24/2023|71042|84.0|
19080|98037587|1|10123|08/22/2023|10115|4773.0|
19080|98037661|1|10123|02/19/2023|10115|228031.0|
19080|98037920|1|11023|03/17/2023|11015|19391.0|
19080|98037978|1|10123|09/22/2023|10115|15899.0|
19080|98037992|1|10123|11/28/2023|10115|231756.0|
19080|98037994|1|10123|12/15/2023|10115|293968.0|
19080|98037994|2|12123|12/15/2023|12115|85809.0|
19080|98038004|1|12123|11/30/2023|12115|148542.0|
19080|98038034|1|10123|10/16/2019|10115|1650354.0|
19080|98038156|1|10123|11/30/2023|10115|2274.0|
19080|98038180|1|10123|12/26/2023|10115|12477.0|
19080|98038241|1|10123|05/23/2023|10115|126087.0|
19080|98038276|1|10123|01/13/2023|10115|8476.0|
19080|98038310|1|11023|12/19/2023|11015|1494.0|
19080|98038439|1|10123|12/26/2023|10115|45875.0|
19080|98038442|1|10123|11/11/2023|10115|13208.0|
19080|98038442|2|12123|11/11/2023|12115|2303.0|
19080|98038514|1|11023|09/20/2023|71042|492.0|
19080|98038514|2|112823|09/20/2023|712842|4184.0|
19080|98038514|3|112923|09/20/2023|712942|16651.0|
19080|98038536|1|10123|09/20/2023|10115|28420.0|
19080|98038823|1|11023|02/20/2023|11015|19125.0|
19080|98038802|1|11123|08/16/2023|11115|913.0|
19080|98039005|3|12123|05/16/2023|12115|568.0|
19080|98039116|1|10123|12/04/2023|10115|1422.0|
19080|98039365|1|11023|05/18/2023|11015|4965.0|
19080|98039625|1|10123|12/27/2023|10115|3351499.0|
19080|98039655|1|10123|08/22/2023|10115|783934.0|
19080|98039692|1|11023|06/06/2023|71042|119.0|
19080|98039775|1|11023|10/20/2023|71042|348.0|
19080|98039775|2|112823|10/20/2023|712842|2923.0|
19080|98039775|3|112923|10/20/2023|712942|19976.0|
19080|98039894|1|10123|09/29/2023|10115|3146.0|
19080|98039914|3|12123|06/21/2023|12115|1652.0|
19080|98039936|1|11023|11/24/2023|11015|364700.0|
19080|98039962|1|13523|05/02/2023|13515|549.0|
19080|98039970|1|11023|03/24/2023|11015|679.0|
19080|98040215|1|11123|08/08/2023|11115|1187.0|
19080|98040273|1|10123|03/01/2023|70142|9141.0|
19080|98040292|1|112823|06/22/2023|112815|3770.0|
19080|98040292|2|112923|06/22/2023|112915|22817.0|
19080|98040333|1|11023|11/27/2023|71042|496.0|
19080|98040333|2|112823|11/27/2023|712842|6166.0|
19080|98040333|3|112923|11/27/2023|712942|54876.0|
19080|98040388|1|112823|12/07/2023|112815|66.0|
19080|98040400|1|10123|05/22/2023|10115|64118.0|
19080|98040558|1|11023|06/07/2023|71042|120.0|
19080|98040701|1|11123|09/11/2023|11115|1205.0|
19080|98040867|1|112923|10/20/2023|112915|3789.0|
19080|98040870|1|11023|05/17/2023|11015|62755.0|
19080|98040897|1|11023|10/20/2023|11015|33953.0|
19080|98041027|1|11023|07/31/2023|11015|6003614.0|
19080|98041301|1|10123|12/22/2023|10115|244164.0|
19080|98041372|1|10123|02/20/2023|10115|60347.0|
19080|98041380|1|112923|12/20/2023|112915|7491.0|
19080|98041454|1|11023|10/10/2023|11015|35592.0|
19080|98041459|1|10123|10/23/2023|10115|90019.0|
19080|98041677|1|11023|07/11/2023|11015|1156.0|
19080|98042012|1|11023|06/26/2023|71042|117.0|
19080|98042058|1|12123|12/18/2023|12115|13127.0|
19080|98042603|1|11123|03/23/2019|11115|5815.0|
19080|98042652|1|11123|11/09/2023|11115|1201.0|
19080|98042813|1|12123|12/13/2023|12115|7482.0|
19080|98042814|1|11023|04/18/2019|11015|2258.0|
19080|98042929|1|10123|06/20/2023|10115|2391.0|
19080|98042979|1|10123|07/19/2023|70142|4697.0|
19080|98042991|1|10123|11/28/2023|10115|14603.0|
19080|98043242|1|18523|05/08/2023|18515|74.0|
19080|98043286|1|18523|03/07/2023|18515|79.0|
19080|98043347|1|18523|12/05/2023|18515|10.0|
19080|98043615|1|11023|10/04/2023|11015|3102.0|
19080|98043642|1|19223|11/11/2023|19215|1606.0|
19080|98043751|2|18523|03/06/2023|18515|2032.0|
19080|98043758|2|18523|05/08/2023|18515|1087.0|
19080|98043768|2|18523|07/10/2023|18515|11067.0|
19080|98044054|1|112623|09/18/2023|712642|716.0|
19080|98044384|1|11023|09/19/2023|11015|259564.0|
19080|98044442|1|11023|04/24/2023|11015|834065.0|
19080|98044806|1|11023|07/17/2023|11015|1367.0|
19080|98044892|1|10123|07/18/2023|10115|89573.0|
19080|98045101|1|112823|03/09/2023|112815|1808.0|
19080|98045122|1|112823|10/02/2023|712842|115.0|
19080|98045226|1|11023|12/29/2023|11015|121.0|
19080|98045295|1|10123|12/19/2023|10115|11510.0|
19080|98045317|1|11023|12/29/2023|11015|121.0|
19080|98045328|1|10123|12/19/2023|10115|18462.0|
19080|98045399|1|10123|09/27/2023|70142|32510.0|
19080|98045410|1|11023|07/17/2023|11015|1367.0|
19080|98045434|1|11123|06/19/2023|11115|3599.0|
19080|98045450|1|10123|06/26/2023|10115|111983.0|
19080|98045450|2|11023|06/26/2023|11015|105622.0|
19080|98045671|1|11023|03/21/2023|11015|51759.0|
19080|98045740|2|112923|10/17/2023|712942|304.0|
19080|98045744|1|10123|10/31/2023|70142|26585.0|
19080|98045764|1|112823|05/23/2023|112815|335.0|
19080|98045916|1|112923|06/10/2023|112915|22174.0|
19080|98045962|1|11023|06/19/2023|11015|1483104.0|
