19080|15087932|9|1|200109|
19080|15087932|9|2|200109|
19080|15087932|9|3|200109|
19080|15087932|9|4|200109|
19080|15087932|9|5|200109|
19080|15087932|9|6|200109|
19080|15087944|9|1|200109|
19080|15087944|9|2|200109|
19080|15087944|9|3|200109|
19080|15089148|9|1|200109|
19080|15089148|9|2|200109|
19080|15089148|9|3|200109|
19080|15089246|9|1|200109|
19080|15089246|9|2|200109|
19080|15089246|9|3|200109|
19080|15091154|1|1|2001121|
19080|15091154|1|2|2001121|
19080|15091154|1|3|2001121|
19080|15091691|9|1|200109|
19080|15091691|9|2|200109|
19080|15091691|9|3|200109|
19080|15091691|9|4|200109|
19080|15091691|9|5|200109|
19080|15091691|9|6|200109|
19080|15091690|9|1|200109|
19080|15091690|9|2|200109|
19080|15091690|9|3|200109|
19080|15091690|9|4|200109|
19080|15091690|9|5|200109|
19080|15091690|9|6|200109|
19080|15091690|9|7|200109|
19080|15091849|1|1|2001121|
19080|15091849|1|2|2001121|
19080|15091849|1|3|2001121|
19080|15092141|4|1|200104|
19080|15092141|4|2|200104|
19080|15092142|9|1|200109|
19080|15098257|9|1|200109|
19080|15098257|9|2|200109|
19080|15098257|9|3|200109|
19080|15098257|9|4|200109|
19080|15098257|9|5|200109|
19080|15098257|9|6|200109|
19080|15098257|9|7|200109|
19080|15098257|9|8|200109|
19080|15098257|9|9|200109|
19080|15098257|9|10|200109|
19080|15098257|9|11|200109|
19080|15098257|9|12|200109|
19080|15098257|9|13|200109|
19080|15098257|9|14|200109|
19080|15098257|9|15|200109|
19080|15098257|9|16|200109|
19080|15098257|9|17|200109|
19080|15098257|9|18|200109|
19080|15098257|9|19|200109|
19080|15098257|9|20|200109|
19080|15098257|9|21|200109|
19080|15098257|9|22|200109|
19080|15098257|9|23|200109|
19080|15098257|9|24|200109|
19080|15098257|9|25|200109|
19080|15098257|9|26|200109|
19080|15098257|9|27|200109|
19080|15098257|9|28|200109|
19080|15098257|9|29|200109|
19080|15098257|9|30|200109|
19080|15098257|9|31|200109|
19080|15098257|9|32|200109|
19080|15098257|9|33|200109|
19080|15098257|9|34|200109|
19080|15098257|9|35|200109|
19080|15098257|9|36|200109|
19080|15098257|9|37|200109|
19080|15098638|1|1|200171|
19080|15099970|4|1|200104|
19080|15099970|4|2|200104|
19080|15099970|4|3|200104|
19080|15103524|4|1|200104|
19080|15103934|9|1|200109|
19080|15103934|9|2|200109|
19080|15103934|9|3|200109|
19080|15103934|9|4|200109|
19080|15103934|9|5|200109|
19080|15103934|9|6|200109|
19080|15103934|9|7|200109|
19080|15103934|9|8|200109|
19080|15103934|9|9|200109|
19080|15103934|9|10|200109|
19080|15103934|9|11|200109|
19080|15103934|9|12|200109|
19080|15103934|9|13|200109|
19080|15103934|9|14|200109|
19080|15103934|9|15|200109|
19080|15103934|9|16|200109|
19080|15103934|9|17|200109|
19080|15103934|9|18|200109|
19080|15103934|9|19|200109|
19080|15103934|9|20|200109|
19080|15103934|9|21|200109|
19080|15103934|9|22|200109|
19080|15103934|9|23|200109|
19080|15103934|9|24|200109|
19080|15104765|4|1|200104|
19080|15107279|4|1|200104|
19080|15107279|4|2|200104|
19080|15108238|2|1|200102|
19080|15108238|2|2|200102|
19080|15108238|2|3|200102|
19080|15108887|4|1|200104|
19080|15108887|4|2|200104|
19080|15108960|2|1|200102|
19080|15108960|2|2|200102|
19080|15108960|2|3|200102|
19080|15108960|2|4|200102|
19080|15108960|2|5|200102|
19080|15108960|2|6|200102|
19080|15108960|2|7|200102|
19080|15108960|2|8|200102|
19080|15108960|2|9|200102|
19080|15108960|2|10|200102|
19080|15108960|2|11|200102|
19080|15108960|2|12|200102|
19080|15108960|2|13|200102|
19080|15108960|2|14|200102|
19080|15108960|2|15|200102|
19080|15108960|2|16|200102|
19080|15108960|2|17|200102|
19080|15108960|2|18|200102|
19080|15108959|2|1|200102|
19080|15108959|2|2|200102|
19080|15108959|2|3|200102|
19080|15108959|2|4|200102|
19080|15108959|2|5|200102|
19080|15108959|2|6|200102|
19080|15108959|2|7|200102|
19080|15108959|2|8|200102|
19080|15108959|2|9|200102|
19080|15108959|2|10|200102|
19080|15108959|2|11|200102|
19080|15108959|2|12|200102|
19080|15108959|9|1|200109|
19080|15109501|2|1|200102|
19080|15110385|9|1|200109|
19080|15110385|9|2|200109|
19080|15110385|9|3|200109|
19080|15110386|4|1|200104|
19080|15110531|9|1|200109|
19080|15110531|9|2|200109|
19080|15110531|9|3|200109|
19080|15111270|9|1|200109|
19080|15111270|9|2|200109|
19080|15111270|9|3|200109|
19080|15112031|1|1|200171|
19080|15112631|1|1|200171|
19080|15113426|2|1|200102|
19080|15113426|9|1|200109|
19080|15113426|9|2|200109|
19080|15114228|9|1|200109|
19080|15114228|9|2|200109|
19080|15114228|9|3|200109|
19080|15116991|9|1|200109|
19080|15116991|9|2|200109|
19080|15116991|9|3|200109|
19080|15116991|9|4|200109|
19080|15116991|9|5|200109|
19080|15116991|9|6|200109|
19080|15117815|9|1|200109|
19080|15117815|9|2|200109|
19080|15117815|9|3|200109|
19080|15117815|9|4|200109|
19080|15117815|9|5|200109|
19080|15117815|9|6|200109|
19080|15117917|9|1|200109|
19080|15117917|9|2|200109|
19080|15117917|9|3|200109|
19080|15117917|9|4|200109|
19080|15117917|9|5|200109|
19080|15117917|9|6|200109|
19080|15117917|9|7|200109|
19080|15117917|9|8|200109|
19080|15117917|9|9|200109|
19080|15121853|1|1|200171|
19080|15127360|9|1|200109|
19080|15130773|9|1|200109|
19080|15130773|9|2|200109|
19080|15130773|9|3|200109|
19080|15130773|9|4|200109|
19080|15132483|9|1|200109|
19080|15132483|9|2|200109|
19080|15132483|9|3|200109|
19080|15132483|9|4|200109|
19080|15132569|9|1|200109|
19080|15132569|9|2|200109|
19080|15132569|9|3|200109|
19080|15132569|9|4|200109|
19080|15132569|9|5|200109|
19080|15132569|9|6|200109|
19080|15132569|9|7|200109|
19080|15132569|9|8|200109|
19080|15132569|9|9|200109|
19080|15132569|9|10|200109|
19080|15132569|9|11|200109|
19080|15132569|9|12|200109|
19080|15132569|9|13|200109|
19080|15132569|9|14|200109|
19080|15132569|9|15|200109|
19080|15132569|9|16|200109|
19080|15132569|9|17|200109|
19080|15132569|9|18|200109|
19080|15132569|9|19|200109|
19080|15132569|9|20|200109|
19080|15132569|9|21|200109|
19080|15132569|9|22|200109|
19080|15132569|9|23|200109|
19080|15132569|9|24|200109|
19080|15132569|9|25|200109|
19080|15132569|9|26|200109|
19080|15132569|9|27|200109|
19080|15132569|9|28|200109|
19080|15132569|9|29|200109|
19080|15132569|9|30|200109|
19080|15132569|9|31|200109|
19080|15132569|9|32|200109|
19080|15132569|9|33|200109|
19080|15132569|9|34|200109|
19080|15132569|9|35|200109|
19080|15132569|9|36|200109|
19080|15132569|9|37|200109|
19080|15132569|9|38|200109|
19080|15132569|9|39|200109|
19080|15132569|9|40|200109|
19080|15132569|9|41|200109|
19080|15132569|9|42|200109|
19080|15132569|9|43|200109|
19080|15132569|9|44|200109|
19080|15132569|9|45|200109|
19080|15132569|9|46|200109|
19080|15132569|9|47|200109|
19080|15132569|9|48|200109|
19080|15132569|9|49|200109|
19080|15132569|9|50|200109|
19080|15132569|9|51|200109|
19080|15132569|9|52|200109|
19080|15132569|9|53|200109|
19080|15132569|9|54|200109|
19080|15132569|9|55|200109|
19080|15132624|9|1|200109|
19080|15132624|9|2|200109|
19080|15132624|9|3|200109|
19080|15132624|9|4|200109|
19080|15132625|9|1|200109|
19080|15132865|9|1|200109|
19080|15132865|9|2|200109|
19080|15132865|9|3|200109|
19080|15132865|9|4|200109|
19080|15132865|9|5|200109|
19080|15132865|9|6|200109|
19080|15133902|9|1|200109|
19080|15133902|9|2|200109|
19080|15133902|9|3|200109|
19080|15133902|9|4|200109|
19080|15133902|9|5|200109|
19080|15133902|9|6|200109|
19080|15133902|9|7|200109|
19080|15133902|9|8|200109|
19080|15133902|9|9|200109|
19080|15133902|9|10|200109|
19080|15133902|9|11|200109|
19080|15133902|9|12|200109|
19080|15133902|9|13|200109|
19080|15133902|9|14|200109|
19080|15133902|9|15|200109|
19080|15133902|9|16|200109|
19080|15133902|9|17|200109|
19080|15133902|9|18|200109|
19080|15133902|9|19|200109|
19080|15133902|9|20|200109|
19080|15133902|9|21|200109|
19080|15133902|9|22|200109|
19080|15133902|9|23|200109|
19080|15133902|9|24|200109|
19080|15133902|9|25|200109|
19080|15133902|9|26|200109|
19080|15133902|9|27|200109|
19080|15133902|9|28|200109|
19080|15133902|9|29|200109|
19080|15133902|9|30|200109|
19080|15133902|9|31|200109|
19080|15133902|9|32|200109|
19080|15137524|9|1|200109|
19080|15137524|9|2|200109|
19080|15137524|9|3|200109|
19080|15137524|9|4|200109|
19080|15137524|9|5|200109|
19080|15137524|9|6|200109|
19080|15137524|9|7|200109|
19080|15137524|9|8|200109|
19080|15141156|9|1|200109|
19080|15141156|9|2|200109|
19080|15141734|9|1|200109|
19080|15141734|9|2|200109|
19080|15141734|9|3|200109|
19080|15141734|9|4|200109|
19080|15141734|9|5|200109|
19080|15141734|9|6|200109|
19080|15141734|9|7|200109|
19080|15141734|9|8|200109|
19080|15141734|9|9|200109|
19080|15141734|9|10|200109|
19080|15141734|9|11|200109|
19080|15141734|9|12|200109|
19080|15141734|9|13|200109|
19080|15141734|9|14|200109|
19080|15141734|9|15|200109|
19080|15141734|9|16|200109|
19080|15144944|9|1|200109|
19080|15144944|9|2|200109|
19080|15144944|9|3|200109|
19080|15144944|9|4|200109|
19080|15144944|9|5|200109|
19080|15144944|9|6|200109|
19080|15144944|9|7|200109|
19080|15144944|9|8|200109|
19080|15144944|9|9|200109|
19080|15144944|9|10|200109|
19080|15144944|9|11|200109|
19080|15144944|9|12|200109|
19080|15144944|9|13|200109|
19080|15144944|9|14|200109|
19080|15144944|9|15|200109|
19080|15147698|9|1|200109|
19080|15147698|9|2|200109|
19080|15147698|9|3|200109|
19080|15147698|9|4|200109|
19080|15147698|9|5|200109|
19080|15147698|9|6|200109|
19080|15147698|9|7|200109|
19080|15147698|9|8|200109|
19080|15147698|9|9|200109|
19080|15147698|9|10|200109|
19080|15147698|9|11|200109|
19080|15147698|9|12|200109|
19080|15147698|9|13|200109|
19080|15147698|9|14|200109|
19080|15147698|9|15|200109|
19080|15147698|9|16|200109|
19080|15154356|9|1|200109|
19080|15154356|9|2|200109|
19080|15154356|9|3|200109|
19080|15154356|9|4|200109|
19080|15154356|9|5|200109|
19080|15154356|9|6|200109|
19080|15154356|9|7|200109|
19080|15154356|9|8|200109|
19080|15154356|9|9|200109|
19080|15154356|9|10|200109|
19080|15154356|9|11|200109|
19080|15154356|9|12|200109|
19080|15154356|9|13|200109|
19080|15154356|9|14|200109|
19080|15154356|9|15|200109|
19080|15154356|9|16|200109|
19080|15154356|9|17|200109|
19080|15154356|9|18|200109|
19080|15154356|9|19|200109|
19080|15154356|9|20|200109|
19080|15154356|9|21|200109|
19080|15154356|9|22|200109|
19080|15154356|9|23|200109|
19080|15154356|9|24|200109|
19080|15155432|9|1|200109|
19080|15155432|9|2|200109|
19080|15155432|9|3|200109|
19080|15155432|9|4|200109|
19080|15155432|9|5|200109|
19080|15155432|9|6|200109|
19080|15155432|9|7|200109|
19080|15155432|9|8|200109|
19080|15155432|9|9|200109|
19080|15155432|9|10|200109|
19080|15155432|9|11|200109|
19080|15156046|9|1|200109|
19080|15156046|9|2|200109|
19080|15156046|9|3|200109|
19080|15156046|9|4|200109|
19080|15156046|9|5|200109|
19080|15156046|9|6|200109|
19080|15156046|9|7|200109|
19080|15156046|9|8|200109|
19080|15156046|9|9|200109|
19080|15156046|9|10|200109|
19080|15156046|9|11|200109|
19080|15156046|9|12|200109|
19080|15156046|9|13|200109|
19080|15156046|9|14|200109|
19080|15156046|9|15|200109|
19080|15156046|9|16|200109|
19080|15156046|9|17|200109|
19080|15156046|9|18|200109|
19080|15157334|9|1|200109|
19080|15157334|9|2|200109|
19080|15157334|9|3|200109|
19080|15157334|9|4|200109|
19080|15157334|9|5|200109|
19080|15157334|9|6|200109|
19080|15157334|9|7|200109|
19080|15157334|9|8|200109|
19080|15157334|9|9|200109|
19080|15157334|9|10|200109|
19080|15157798|9|1|200109|
19080|15157798|9|2|200109|
19080|15157798|9|3|200109|
19080|15157798|9|4|200109|
19080|15157798|9|5|200109|
19080|15157798|9|6|200109|
19080|15157798|9|7|200109|
19080|15157798|9|8|200109|
19080|15157798|9|9|200109|
19080|15157798|9|10|200109|
19080|15157798|9|11|200109|
19080|15157798|9|12|200109|
19080|15157798|9|13|200109|
19080|15157798|9|14|200109|
19080|15157798|9|15|200109|
19080|15157798|9|16|200109|
19080|15157798|9|17|200109|
19080|15157798|9|18|200109|
19080|15157798|9|19|200109|
19080|15159265|9|1|200109|
19080|15159265|9|2|200109|
19080|15159265|9|3|200109|
19080|15159265|9|4|200109|
19080|15159265|9|5|200109|
19080|15159265|9|6|200109|
19080|15159265|9|7|200109|
19080|15159265|9|8|200109|
19080|15159265|9|9|200109|
19080|15159265|9|10|200109|
19080|15159265|9|11|200109|
19080|15159265|9|12|200109|
19080|15159265|9|13|200109|
19080|15159265|9|14|200109|
19080|15159265|9|15|200109|
19080|15159265|9|16|200109|
19080|15159265|9|17|200109|
19080|15159265|9|18|200109|
19080|15159265|9|19|200109|
19080|15159265|9|20|200109|
19080|15159265|9|21|200109|
19080|15159265|9|22|200109|
19080|15159316|9|1|200109|
19080|15159316|9|2|200109|
19080|15159316|9|3|200109|
19080|15159316|9|4|200109|
19080|15159316|9|5|200109|
19080|15159316|9|6|200109|
19080|15159316|9|7|200109|
19080|15159316|9|8|200109|
19080|15159316|9|9|200109|
19080|15159316|9|10|200109|
19080|15159316|9|11|200109|
19080|15159316|9|12|200109|
19080|15159316|9|13|200109|
19080|15159316|9|14|200109|
19080|15159316|9|15|200109|
19080|15159316|9|16|200109|
19080|15159316|9|17|200109|
19080|15159316|9|18|200109|
19080|15159316|9|19|200109|
19080|15159316|9|20|200109|
19080|15159316|9|21|200109|
19080|15159316|9|22|200109|
19080|15159316|9|23|200109|
19080|15159316|9|24|200109|
19080|15159316|9|25|200109|
19080|15159316|9|26|200109|
19080|15159316|9|27|200109|
19080|15159316|9|28|200109|
19080|15159316|9|29|200109|
19080|15159316|9|30|200109|
19080|15159316|9|31|200109|
19080|15159316|9|32|200109|
19080|15159316|9|33|200109|
19080|15159316|9|34|200109|
19080|15159316|9|35|200109|
19080|15159316|9|36|200109|
19080|15160523|9|1|200109|
19080|15160523|9|2|200109|
19080|15160523|9|3|200109|
19080|15160523|9|4|200109|
19080|15160523|9|5|200109|
19080|15160523|9|6|200109|
19080|15160523|9|7|200109|
19080|15160523|9|8|200109|
19080|15160523|9|9|200109|
19080|15160523|9|10|200109|
19080|15160523|9|11|200109|
19080|15160523|9|12|200109|
19080|15160523|9|13|200109|
19080|15160523|9|14|200109|
19080|15160523|9|15|200109|
19080|15160523|9|16|200109|
19080|15160523|9|17|200109|
19080|15160523|9|18|200109|
19080|15160523|9|19|200109|
19080|15160523|9|20|200109|
19080|15160523|9|21|200109|
19080|15160523|9|22|200109|
19080|15160913|9|1|200109|
19080|15160913|9|2|200109|
19080|15160913|9|3|200109|
19080|15160913|9|4|200109|
19080|15160913|9|5|200109|
19080|15160913|9|6|200109|
19080|15160913|9|7|200109|
19080|15160913|9|8|200109|
19080|15160913|9|9|200109|
19080|15160913|9|10|200109|
19080|15160913|9|11|200109|
19080|15160913|9|12|200109|
19080|15160913|9|13|200109|
19080|15160913|9|14|200109|
19080|15161336|9|1|200109|
19080|15161336|9|2|200109|
19080|15161336|9|3|200109|
19080|15161336|9|4|200109|
19080|15161336|9|5|200109|
19080|15161337|9|1|200109|
19080|15161903|9|1|200109|
19080|15161903|9|2|200109|
19080|15161903|9|3|200109|
19080|15161903|9|4|200109|
19080|15161903|9|5|200109|
19080|15161903|9|6|200109|
19080|15161903|9|7|200109|
19080|15161903|9|8|200109|
19080|15161903|9|9|200109|
19080|15161903|9|10|200109|
19080|15161903|9|11|200109|
19080|15161903|9|12|200109|
19080|15161903|9|13|200109|
19080|15161903|9|14|200109|
19080|15161903|9|15|200109|
19080|15161903|9|16|200109|
19080|15161903|9|17|200109|
19080|15161903|9|18|200109|
19080|15161903|9|19|200109|
19080|15161903|9|20|200109|
19080|15161903|9|21|200109|
19080|15161903|9|22|200109|
19080|15161903|9|23|200109|
19080|15161903|9|24|200109|
19080|15161903|9|25|200109|
19080|15161903|9|26|200109|
19080|15161903|9|27|200109|
19080|15161903|9|28|200109|
19080|15161903|9|29|200109|
19080|15161903|9|30|200109|
19080|15161903|9|31|200109|
19080|15161903|9|32|200109|
19080|15161903|9|33|200109|
19080|15161903|9|34|200109|
19080|15161903|9|35|200109|
19080|15161903|9|36|200109|
19080|15161903|9|37|200109|
19080|15161903|9|38|200109|
19080|15161903|9|39|200109|
19080|15165736|9|1|200109|
19080|15165736|9|2|200109|
19080|15165736|9|3|200109|
19080|15165736|9|4|200109|
19080|15165736|9|5|200109|
19080|15165736|9|6|200109|
19080|15169174|9|1|200109|
19080|15169174|9|2|200109|
19080|15169174|9|3|200109|
19080|15169174|9|4|200109|
19080|15169174|9|5|200109|
19080|15169174|9|6|200109|
19080|15169174|9|7|200109|
19080|15169174|9|8|200109|
19080|15169174|9|9|200109|
19080|15169174|9|10|200109|
19080|15169174|9|11|200109|
19080|15171299|9|1|200109|
19080|15171299|9|2|200109|
19080|15171299|9|3|200109|
19080|15171299|9|4|200109|
19080|15171299|9|5|200109|
19080|15171299|9|6|200109|
19080|15171299|9|7|200109|
19080|15171299|9|8|200109|
19080|15171299|9|9|200109|
19080|15171299|9|10|200109|
19080|15171299|9|11|200109|
