19080|15087932|9|1|1|500509|0.0|
19080|15087932|9|1|1|501909|0.01|
19080|15087932|9|2|1|500509|0.0|
19080|15087932|9|2|1|501909|0.5|
19080|15087932|9|3|1|500509|0.0|
19080|15087932|9|3|1|501909|2.8|
19080|15087932|9|4|1|500509|0.0|
19080|15087932|9|4|1|501909|2.26|
19080|15087932|9|5|1|500509|0.0|
19080|15087932|9|5|1|501909|5.43|
19080|15087932|9|6|1|500509|5.55|
19080|15087944|9|1|1|500509|0.0|
19080|15087944|9|1|1|501909|1.63|
19080|15087944|9|2|1|500509|5.55|
19080|15087944|9|3|1|500509|5.4|
19080|15089148|9|1|1|500509|14.17|
19080|15089148|9|1|1|501909|0.0|
19080|15089148|9|1|1|501509|0.0|
19080|15089148|9|2|1|500509|19.67|
19080|15089148|9|2|1|501909|0.0|
19080|15089148|9|2|1|501509|0.0|
19080|15089148|9|3|1|500509|18.13|
19080|15089148|9|3|1|501909|0.0|
19080|15089148|9|3|1|501509|0.0|
19080|15089246|9|1|1|500509|14.17|
19080|15089246|9|1|1|501909|0.0|
19080|15089246|9|1|1|501509|0.0|
19080|15089246|9|2|1|500509|19.67|
19080|15089246|9|2|1|501909|0.0|
19080|15089246|9|2|1|501509|0.0|
19080|15089246|9|3|1|500509|18.13|
19080|15089246|9|3|1|501909|0.0|
19080|15089246|9|3|1|501509|0.0|
19080|15091691|9|1|1|500509|85.52|
19080|15091691|9|1|1|501509|0.0|
19080|15091691|9|2|1|500609|13.94|
19080|15091691|9|2|1|501509|0.0|
19080|15091691|9|3|1|500609|2.96|
19080|15091691|9|3|1|501509|0.0|
19080|15091691|9|4|1|500609|3.87|
19080|15091691|9|5|1|500609|0.09|
19080|15091691|9|5|1|501509|0.0|
19080|15091691|9|6|1|500609|5.59|
19080|15091691|9|6|1|501509|0.0|
19080|15091690|9|1|1|500509|97.0|
19080|15091690|9|1|1|501509|0.0|
19080|15091690|9|2|1|500609|20.15|
19080|15091690|9|2|1|501509|0.0|
19080|15091690|9|3|1|500609|0.52|
19080|15091690|9|3|1|501509|0.0|
19080|15091690|9|4|1|500609|0.01|
19080|15091690|9|4|1|501509|0.0|
19080|15091690|9|5|1|500609|0.03|
19080|15091690|9|5|1|501509|0.0|
19080|15091690|9|6|1|500509|0.0|
19080|15091690|9|6|1|501509|0.0|
19080|15091690|9|7|1|500609|1.46|
19080|15091690|9|7|1|501509|0.0|
19080|15092141|4|1|1|500804|0.2234|
19080|15092142|9|1|1|500509|20.03|
19080|15098257|9|1|1|500509|10.17|
19080|15098257|9|2|1|500509|10.17|
19080|15098257|9|3|1|500509|10.17|
19080|15098257|9|4|1|500509|10.17|
19080|15098257|9|5|1|500509|10.17|
19080|15098257|9|6|1|500509|10.17|
19080|15098257|9|6|1|501509|10.17|
19080|15098257|9|7|1|500509|10.17|
19080|15098257|9|8|1|500509|10.17|
19080|15098257|9|9|1|500509|10.17|
19080|15098257|9|10|1|500509|0.0|
19080|15098257|9|10|1|501909|22.0|
19080|15098257|9|11|1|500509|10.17|
19080|15098257|9|12|1|500509|10.17|
19080|15098257|9|13|1|500509|10.17|
19080|15098257|9|14|1|500509|0.0|
19080|15098257|9|14|1|501909|18.31|
19080|15098257|9|15|1|500509|10.17|
19080|15098257|9|16|1|500509|10.17|
19080|15098257|9|17|1|500509|10.17|
19080|15098257|9|18|1|500509|10.17|
19080|15098257|9|19|1|500509|10.17|
19080|15098257|9|20|1|500509|10.17|
19080|15098257|9|21|1|500509|10.17|
19080|15098257|9|22|1|500509|10.17|
19080|15098257|9|23|1|500509|10.17|
19080|15098257|9|24|1|500509|4.69|
19080|15098257|9|25|1|500509|4.69|
19080|15098257|9|26|1|500509|0.0|
19080|15098257|9|26|1|501909|11.41|
19080|15098257|9|27|1|500509|60.09|
19080|15098257|9|28|1|500509|3.32|
19080|15098257|9|29|1|500509|0.81|
19080|15098257|9|30|1|500509|9.23|
19080|15098257|9|31|1|500509|11.31|
19080|15098257|9|32|1|500509|11.31|
19080|15098257|9|33|1|500509|10.17|
19080|15098257|9|34|1|500509|10.17|
19080|15098257|9|35|1|500509|9.23|
19080|15098257|9|36|1|500509|9.23|
19080|15098257|9|37|1|500509|0.0|
19080|15098257|9|37|1|501909|8.5|
19080|15099970|4|1|1|500804|0.1|
19080|15099970|4|2|1|500804|0.1|
19080|15099970|4|3|1|500804|0.1|
19080|15103524|4|1|1|500804|0.1|
19080|15103934|9|1|1|500509|21.19|
19080|15103934|9|2|1|500509|21.19|
19080|15103934|9|3|1|500509|21.19|
19080|15103934|9|4|1|500509|21.19|
19080|15103934|9|5|1|500509|21.19|
19080|15103934|9|6|1|500509|21.19|
19080|15103934|9|7|1|500509|5.0|
19080|15103934|9|8|1|500509|24.31|
19080|15103934|9|9|1|500509|24.31|
19080|15103934|9|10|1|500509|24.31|
19080|15103934|9|11|1|500509|24.31|
19080|15103934|9|12|1|500509|24.31|
19080|15103934|9|13|1|500509|24.31|
19080|15103934|9|14|1|500509|24.31|
19080|15103934|9|15|1|500509|21.19|
19080|15103934|9|16|1|500509|21.19|
19080|15103934|9|17|1|500509|21.19|
19080|15103934|9|18|1|500509|5.0|
19080|15103934|9|19|1|500509|0.0|
19080|15103934|9|19|1|501909|0.5|
19080|15103934|9|20|1|500509|0.0|
19080|15103934|9|21|1|500509|0.0|
19080|15103934|9|22|1|500509|0.0|
19080|15103934|9|23|1|500509|5.0|
19080|15103934|9|24|1|500509|0.0|
19080|15104765|4|1|1|500804|0.1|
19080|15107279|4|1|1|500804|0.1|
19080|15107279|4|2|1|500804|0.1|
19080|15108887|4|1|1|500804|0.1|
19080|15108887|4|2|1|500804|0.1|
19080|15108959|9|1|1|500509|4.5|
19080|15110385|9|1|1|500509|3.0|
19080|15110385|9|1|1|501909|0.0|
19080|15110385|9|1|1|501509|0.0|
19080|15110385|9|2|1|500509|3.0|
19080|15110385|9|2|1|501909|0.0|
19080|15110385|9|2|1|501509|0.0|
19080|15110385|9|3|1|500509|3.0|
19080|15110385|9|3|1|501909|0.0|
19080|15110385|9|3|1|501509|0.0|
19080|15110386|4|1|1|500804|0.1|
19080|15110531|9|1|1|500509|3.0|
19080|15110531|9|1|1|501909|0.0|
19080|15110531|9|1|1|501509|10.0|
19080|15110531|9|2|1|500509|3.0|
19080|15110531|9|2|1|501909|0.0|
19080|15110531|9|2|1|501509|10.0|
19080|15110531|9|3|1|500509|3.0|
19080|15110531|9|3|1|501909|0.0|
19080|15110531|9|3|1|501509|10.0|
19080|15111270|9|1|1|500509|3.0|
19080|15111270|9|1|1|501909|0.0|
19080|15111270|9|1|1|501509|0.0|
19080|15111270|9|2|1|500509|3.0|
19080|15111270|9|2|1|501909|0.0|
19080|15111270|9|2|1|501509|0.0|
19080|15111270|9|3|1|500509|3.0|
19080|15111270|9|3|1|501909|0.0|
19080|15111270|9|3|1|501509|10.0|
19080|15113426|9|1|1|500509|5.67|
19080|15113426|9|2|1|500509|4.5|
19080|15114228|9|1|1|500509|0.0|
19080|15114228|9|1|1|501909|0.0|
19080|15114228|9|2|1|500609|0.0|
19080|15114228|9|2|1|501909|0.0|
19080|15114228|9|3|1|500609|0.0|
19080|15114228|9|3|1|501909|0.0|
19080|15116991|9|1|1|500509|0.0|
19080|15116991|9|1|1|501909|0.0|
19080|15116991|9|2|1|500509|0.0|
19080|15116991|9|2|1|501909|0.0|
19080|15116991|9|3|1|500509|0.0|
19080|15116991|9|3|1|501909|0.0|
19080|15116991|9|4|1|500509|0.0|
19080|15116991|9|4|1|501909|0.0|
19080|15116991|9|5|1|500509|0.0|
19080|15116991|9|5|1|501909|12.05|
19080|15116991|9|6|1|500509|0.0|
19080|15116991|9|6|1|501909|0.0|
19080|15117815|9|1|1|500609|0.0|
19080|15117815|9|1|1|501909|0.0|
19080|15117815|9|1|1|501509|0.0|
19080|15117815|9|2|1|500509|10.0|
19080|15117815|9|2|1|501909|0.0|
19080|15117815|9|2|1|501509|0.0|
19080|15117815|9|3|1|500609|0.0|
19080|15117815|9|3|1|501909|0.0|
19080|15117815|9|3|1|501509|0.0|
19080|15117815|9|4|1|500509|10.0|
19080|15117815|9|4|1|501909|0.0|
19080|15117815|9|4|1|501509|0.0|
19080|15117815|9|5|1|500609|0.0|
19080|15117815|9|5|1|501909|0.0|
19080|15117815|9|5|1|501509|0.0|
19080|15117815|9|6|1|500609|0.0|
19080|15117815|9|6|1|501909|0.0|
19080|15117815|9|6|1|501509|0.0|
19080|15117917|9|1|1|500509|0.0|
19080|15117917|9|1|1|501909|0.0|
19080|15117917|9|2|1|500509|0.0|
19080|15117917|9|2|1|501909|0.0|
19080|15117917|9|3|1|500509|0.0|
19080|15117917|9|3|1|501909|0.0|
19080|15117917|9|4|1|500509|0.0|
19080|15117917|9|4|1|501909|0.0|
19080|15117917|9|5|1|500509|0.0|
19080|15117917|9|5|1|501909|10.96|
19080|15117917|9|6|1|500509|0.0|
19080|15117917|9|6|1|501909|12.05|
19080|15117917|9|7|1|500509|0.0|
19080|15117917|9|7|1|501909|11.82|
19080|15117917|9|8|1|500509|0.0|
19080|15117917|9|8|1|501909|0.0|
19080|15117917|9|9|1|500509|0.0|
19080|15117917|9|9|1|501909|0.0|
19080|15127360|9|1|1|500509|0.0|
19080|15130773|9|1|1|500509|0.0|
19080|15130773|9|1|1|501909|8.0|
19080|15130773|9|1|1|501509|15.0|
19080|15130773|9|2|1|500509|0.0|
19080|15130773|9|2|1|501909|0.0|
19080|15130773|9|2|1|501509|15.0|
19080|15130773|9|3|1|500509|0.0|
19080|15130773|9|3|1|501909|0.0|
19080|15130773|9|3|1|501509|0.0|
19080|15130773|9|4|1|500509|0.0|
19080|15130773|9|4|1|501909|0.0|
19080|15130773|9|4|1|501509|0.0|
19080|15132483|9|1|1|500509|0.0|
19080|15132483|9|1|1|501909|8.3|
19080|15132483|9|1|1|501509|15.0|
19080|15132483|9|2|1|500509|0.0|
19080|15132483|9|2|1|501909|0.0|
19080|15132483|9|2|1|501509|15.0|
19080|15132483|9|3|1|500509|0.0|
19080|15132483|9|3|1|501909|0.0|
19080|15132483|9|3|1|501509|0.0|
19080|15132483|9|4|1|500509|0.0|
19080|15132483|9|4|1|501909|0.0|
19080|15132483|9|4|1|501509|0.0|
19080|15132569|9|1|1|500509|0.0|
19080|15132569|9|1|1|501909|7.1|
19080|15132569|9|2|1|500509|0.0|
19080|15132569|9|2|1|501909|7.1|
19080|15132569|9|3|1|500509|0.0|
19080|15132569|9|3|1|501909|7.1|
19080|15132569|9|4|1|500509|0.0|
19080|15132569|9|4|1|501909|7.1|
19080|15132569|9|5|1|500509|0.0|
19080|15132569|9|5|1|501909|7.1|
19080|15132569|9|6|1|500509|0.0|
19080|15132569|9|6|1|501909|7.1|
19080|15132569|9|7|1|500509|0.0|
19080|15132569|9|7|1|501909|7.1|
19080|15132569|9|8|1|500509|0.0|
19080|15132569|9|8|1|501909|7.1|
19080|15132569|9|9|1|500509|0.0|
19080|15132569|9|9|1|501909|7.1|
19080|15132569|9|10|1|500509|0.0|
19080|15132569|9|10|1|501909|7.1|
19080|15132569|9|11|1|500509|0.0|
19080|15132569|9|11|1|501909|7.1|
19080|15132569|9|12|1|500509|0.0|
19080|15132569|9|12|1|501909|7.1|
19080|15132569|9|13|1|500509|0.0|
19080|15132569|9|13|1|501909|7.1|
19080|15132569|9|14|1|500509|0.0|
19080|15132569|9|14|1|501909|7.1|
19080|15132569|9|15|1|500509|0.0|
19080|15132569|9|15|1|501909|7.1|
19080|15132569|9|16|1|500509|0.0|
19080|15132569|9|16|1|501909|7.1|
19080|15132569|9|17|1|500509|0.0|
19080|15132569|9|17|1|501909|7.1|
19080|15132569|9|18|1|500509|0.0|
19080|15132569|9|18|1|501909|7.1|
19080|15132569|9|19|1|500509|0.0|
19080|15132569|9|19|1|501909|7.1|
19080|15132569|9|20|1|500509|0.0|
19080|15132569|9|20|1|501909|7.1|
19080|15132569|9|21|1|500509|0.0|
19080|15132569|9|21|1|501909|7.1|
19080|15132569|9|22|1|500509|0.0|
19080|15132569|9|22|1|501909|7.1|
19080|15132569|9|23|1|500509|0.0|
19080|15132569|9|23|1|501909|7.1|
19080|15132569|9|24|1|500509|0.0|
19080|15132569|9|24|1|501909|7.1|
19080|15132569|9|25|1|500509|0.0|
19080|15132569|9|25|1|501909|7.1|
19080|15132569|9|26|1|500509|0.0|
19080|15132569|9|26|1|501909|7.1|
19080|15132569|9|27|1|500509|0.0|
19080|15132569|9|27|1|501909|7.1|
19080|15132569|9|28|1|500509|0.0|
19080|15132569|9|28|1|501909|7.1|
19080|15132569|9|29|1|500509|0.0|
19080|15132569|9|29|1|501909|7.1|
19080|15132569|9|30|1|500509|0.0|
19080|15132569|9|30|1|501909|7.1|
19080|15132569|9|31|1|500509|0.0|
19080|15132569|9|31|1|501909|7.1|
19080|15132569|9|32|1|500509|0.0|
19080|15132569|9|32|1|501909|7.1|
19080|15132569|9|33|1|500509|0.0|
19080|15132569|9|33|1|501909|7.1|
19080|15132569|9|34|1|500509|0.0|
19080|15132569|9|34|1|501909|7.1|
19080|15132569|9|35|1|500509|0.0|
19080|15132569|9|35|1|501909|7.1|
19080|15132569|9|36|1|500509|0.0|
19080|15132569|9|36|1|501909|7.1|
19080|15132569|9|37|1|500509|0.0|
19080|15132569|9|37|1|501909|7.1|
19080|15132569|9|38|1|500509|0.0|
19080|15132569|9|38|1|501909|7.1|
19080|15132569|9|39|1|500509|0.0|
19080|15132569|9|39|1|501909|7.1|
19080|15132569|9|40|1|500509|0.0|
19080|15132569|9|40|1|501909|7.1|
19080|15132569|9|41|1|500509|0.0|
19080|15132569|9|41|1|501909|7.1|
19080|15132569|9|42|1|500509|0.0|
19080|15132569|9|42|1|501909|7.1|
19080|15132569|9|43|1|500509|0.0|
19080|15132569|9|43|1|501909|7.1|
19080|15132569|9|44|1|500509|0.0|
19080|15132569|9|44|1|501909|7.1|
19080|15132569|9|45|1|500509|0.0|
19080|15132569|9|45|1|501909|7.1|
19080|15132569|9|46|1|500509|0.0|
19080|15132569|9|46|1|501909|7.1|
19080|15132569|9|47|1|500509|0.0|
19080|15132569|9|47|1|501909|7.1|
19080|15132569|9|48|1|500509|0.0|
19080|15132569|9|48|1|501909|7.1|
19080|15132569|9|49|1|500509|0.0|
19080|15132569|9|49|1|501909|7.1|
19080|15132569|9|50|1|500509|0.0|
19080|15132569|9|50|1|501909|7.1|
19080|15132569|9|51|1|500509|0.0|
19080|15132569|9|51|1|501909|7.1|
19080|15132569|9|52|1|500509|0.0|
19080|15132569|9|52|1|501909|7.1|
19080|15132569|9|53|1|500509|0.0|
19080|15132569|9|53|1|501909|7.1|
19080|15132569|9|54|1|500509|0.0|
19080|15132569|9|54|1|501909|7.1|
19080|15132569|9|55|1|500509|0.0|
19080|15132569|9|55|1|501909|0.0|
19080|15132624|9|1|1|500509|0.0|
19080|15132624|9|1|1|501909|8.3|
19080|15132624|9|1|1|501509|15.0|
19080|15132624|9|2|1|500509|0.0|
19080|15132624|9|2|1|501909|0.0|
19080|15132624|9|2|1|501509|15.0|
19080|15132624|9|3|1|500509|0.0|
19080|15132624|9|3|1|501909|0.0|
19080|15132624|9|3|1|501509|0.0|
19080|15132624|9|4|1|500509|0.0|
19080|15132624|9|4|1|501909|0.0|
19080|15132624|9|4|1|501509|0.0|
19080|15132625|9|1|1|500609|6.15|
19080|15132865|9|1|1|500509|0.0|
19080|15132865|9|1|1|501909|8.3|
19080|15132865|9|1|1|501509|15.0|
19080|15132865|9|2|1|500509|0.0|
19080|15132865|9|2|1|501909|0.0|
19080|15132865|9|2|1|501509|15.0|
19080|15132865|9|3|1|500509|0.0|
19080|15132865|9|3|1|501909|0.0|
19080|15132865|9|3|1|501509|0.0|
19080|15132865|9|4|1|500509|0.0|
19080|15132865|9|4|1|501909|0.0|
19080|15132865|9|4|1|501509|0.0|
19080|15132865|9|5|1|500509|0.0|
19080|15132865|9|5|1|501909|10.0|
19080|15132865|9|5|1|501509|0.0|
19080|15132865|9|6|1|500509|0.0|
19080|15132865|9|6|1|501909|10.0|
19080|15132865|9|6|1|501509|0.0|
19080|15133902|9|1|1|500509|0.0|
19080|15133902|9|1|1|501909|8.98|
19080|15133902|9|2|1|500509|0.0|
19080|15133902|9|2|1|501909|18.15|
19080|15133902|9|3|1|500509|0.0|
19080|15133902|9|3|1|501909|18.25|
19080|15133902|9|4|1|500509|0.0|
19080|15133902|9|4|1|501909|1.05|
19080|15133902|9|5|1|500509|0.0|
19080|15133902|9|5|1|501909|1.05|
19080|15133902|9|6|1|500509|0.0|
19080|15133902|9|6|1|501909|1.05|
19080|15133902|9|7|1|500509|0.0|
19080|15133902|9|7|1|501909|1.05|
19080|15133902|9|8|1|500509|0.0|
19080|15133902|9|8|1|501909|1.05|
19080|15133902|9|9|1|500509|0.0|
19080|15133902|9|9|1|501909|1.05|
19080|15133902|9|10|1|500509|0.0|
19080|15133902|9|10|1|501909|1.05|
19080|15133902|9|11|1|500509|0.0|
19080|15133902|9|11|1|501909|1.05|
19080|15133902|9|12|1|500509|0.0|
19080|15133902|9|12|1|501909|1.05|
19080|15133902|9|13|1|500509|0.0|
19080|15133902|9|13|1|501909|1.05|
19080|15133902|9|14|1|500509|0.0|
19080|15133902|9|14|1|501909|1.05|
19080|15133902|9|15|1|500509|0.0|
19080|15133902|9|15|1|501909|1.05|
19080|15133902|9|16|1|500509|0.0|
19080|15133902|9|16|1|501909|1.05|
19080|15133902|9|17|1|500509|0.0|
19080|15133902|9|17|1|501909|1.05|
19080|15133902|9|18|1|500509|0.0|
19080|15133902|9|18|1|501909|1.05|
19080|15133902|9|19|1|500509|0.0|
19080|15133902|9|19|1|501909|1.05|
19080|15133902|9|20|1|500509|0.0|
19080|15133902|9|20|1|501909|1.05|
19080|15133902|9|21|1|500509|0.0|
19080|15133902|9|21|1|501909|1.05|
19080|15133902|9|22|1|500509|0.0|
19080|15133902|9|22|1|501909|1.05|
19080|15133902|9|23|1|500509|0.0|
19080|15133902|9|23|1|501909|1.05|
19080|15133902|9|24|1|500509|0.0|
19080|15133902|9|24|1|501909|1.05|
19080|15133902|9|25|1|500509|0.0|
19080|15133902|9|25|1|501909|1.05|
19080|15133902|9|26|1|500509|0.0|
19080|15133902|9|26|1|501909|1.05|
19080|15133902|9|27|1|500509|0.0|
19080|15133902|9|27|1|501909|0.0|
19080|15133902|9|28|1|500509|0.0|
19080|15133902|9|28|1|501909|8.52|
19080|15133902|9|29|1|500509|0.0|
19080|15133902|9|29|1|501909|8.57|
19080|15133902|9|30|1|500509|0.0|
19080|15133902|9|30|1|501909|8.56|
19080|15133902|9|31|1|500509|0.0|
19080|15133902|9|31|1|501909|8.57|
19080|15133902|9|32|1|500509|0.0|
19080|15133902|9|32|1|501909|8.56|
19080|15137524|9|1|1|500509|4.35|
19080|15137524|9|1|1|501909|0.0|
19080|15137524|9|2|1|500509|4.51|
19080|15137524|9|2|1|501909|0.0|
19080|15137524|9|3|1|500509|4.51|
19080|15137524|9|3|1|501909|0.0|
19080|15137524|9|4|1|500509|4.52|
19080|15137524|9|4|1|501909|0.0|
19080|15137524|9|5|1|500509|0.0|
19080|15137524|9|5|1|501909|0.0|
19080|15137524|9|6|1|500509|0.0|
19080|15137524|9|6|1|501909|0.0|
19080|15137524|9|7|1|500509|0.0|
19080|15137524|9|7|1|501909|0.0|
19080|15137524|9|8|1|500509|0.0|
19080|15137524|9|8|1|501909|6.0|
19080|15141156|9|1|1|500509|19.58|
19080|15141156|9|1|1|501509|0.0|
19080|15141156|9|2|1|500509|1310.3|
19080|15141156|9|2|1|501509|0.0|
19080|15141734|9|1|1|500509|6.83|
19080|15141734|9|1|1|501909|0.0|
19080|15141734|9|2|1|500509|6.83|
19080|15141734|9|2|1|501909|0.0|
19080|15141734|9|3|1|500509|6.83|
19080|15141734|9|3|1|501909|0.0|
19080|15141734|9|4|1|500509|6.83|
19080|15141734|9|4|1|501909|0.0|
19080|15141734|9|5|1|500509|6.83|
19080|15141734|9|5|1|501909|0.0|
19080|15141734|9|6|1|500509|6.83|
19080|15141734|9|6|1|501909|0.0|
19080|15141734|9|7|1|500509|6.83|
19080|15141734|9|7|1|501909|0.0|
19080|15141734|9|8|1|500509|6.83|
19080|15141734|9|8|1|501909|0.0|
19080|15141734|9|9|1|500509|6.83|
19080|15141734|9|9|1|501909|0.0|
19080|15141734|9|10|1|500509|6.83|
19080|15141734|9|10|1|501909|0.0|
19080|15141734|9|11|1|500509|0.0|
19080|15141734|9|11|1|501909|0.0|
19080|15141734|9|12|1|500509|0.0|
19080|15141734|9|12|1|501909|0.0|
19080|15141734|9|13|1|500509|6.83|
19080|15141734|9|13|1|501909|0.0|
19080|15141734|9|14|1|500509|0.0|
19080|15141734|9|14|1|501909|11.04|
19080|15141734|9|15|1|500509|10.36|
19080|15141734|9|15|1|501909|0.0|
19080|15141734|9|15|1|501509|10.0|
19080|15141734|9|16|1|500509|10.36|
19080|15141734|9|16|1|501909|0.0|
19080|15141734|9|16|1|501509|10.0|
19080|15144944|9|1|1|500509|8.53|
19080|15144944|9|2|1|500509|8.53|
19080|15144944|9|3|1|500509|8.53|
19080|15144944|9|4|1|500509|8.53|
19080|15144944|9|5|1|500509|0.0|
19080|15144944|9|5|1|501909|9.56|
19080|15144944|9|6|1|500509|76.88|
19080|15144944|9|7|1|500509|8.06|
19080|15144944|9|8|1|500509|8.53|
19080|15144944|9|9|1|500509|0.0|
19080|15144944|9|9|1|501909|2.54|
19080|15144944|9|10|1|500509|0.0|
19080|15144944|9|10|1|501909|2.5|
19080|15144944|9|11|1|500509|0.0|
19080|15144944|9|11|1|501909|2.09|
19080|15144944|9|12|1|500509|0.0|
19080|15144944|9|12|1|501909|2.39|
19080|15144944|9|13|1|500509|0.0|
19080|15144944|9|13|1|501909|2.39|
19080|15144944|9|14|1|500509|0.0|
19080|15144944|9|14|1|501909|2.5|
19080|15144944|9|15|1|500509|0.0|
19080|15147698|9|1|1|500509|0.0|
19080|15147698|9|1|1|501909|0.0|
19080|15147698|9|2|1|500509|2.33|
19080|15147698|9|2|1|501909|0.0|
19080|15147698|9|3|1|500509|0.0|
19080|15147698|9|3|1|501909|0.0|
19080|15147698|9|4|1|500509|10.71|
19080|15147698|9|4|1|501909|0.0|
19080|15147698|9|5|1|500509|2.33|
19080|15147698|9|5|1|501909|0.0|
19080|15147698|9|6|1|500509|10.71|
19080|15147698|9|6|1|501909|0.0|
19080|15147698|9|7|1|500509|44.57|
19080|15147698|9|7|1|501909|0.0|
19080|15147698|9|8|1|500509|44.57|
19080|15147698|9|8|1|501909|0.0|
19080|15147698|9|9|1|500509|0.0|
19080|15147698|9|9|1|501909|0.0|
19080|15147698|9|10|1|500509|19.47|
19080|15147698|9|10|1|501909|0.0|
19080|15147698|9|11|1|500509|6.83|
19080|15147698|9|11|1|501909|0.0|
19080|15147698|9|12|1|500509|0.0|
19080|15147698|9|12|1|501909|0.0|
19080|15147698|9|13|1|500509|21.78|
19080|15147698|9|13|1|501909|0.0|
19080|15147698|9|13|1|501509|10.0|
19080|15147698|9|14|1|500509|2.33|
19080|15147698|9|14|1|501909|0.0|
19080|15147698|9|15|1|500509|2.33|
19080|15147698|9|15|1|501909|0.0|
19080|15147698|9|16|1|500509|0.0|
19080|15147698|9|16|1|501909|0.0|
19080|15154356|9|1|1|500509|0.0|
19080|15154356|9|1|1|501909|0.0|
19080|15154356|9|2|1|500509|0.0|
19080|15154356|9|2|1|501909|0.0|
19080|15154356|9|3|1|500509|0.0|
19080|15154356|9|3|1|501909|0.0|
19080|15154356|9|4|1|500509|0.0|
19080|15154356|9|4|1|501909|0.0|
19080|15154356|9|5|1|500509|0.0|
19080|15154356|9|5|1|501909|0.0|
19080|15154356|9|6|1|500509|0.0|
19080|15154356|9|6|1|501909|0.0|
19080|15154356|9|7|1|500509|0.0|
19080|15154356|9|7|1|501909|10.71|
19080|15154356|9|8|1|500509|0.0|
19080|15154356|9|8|1|501909|10.71|
19080|15154356|9|9|1|500509|23.36|
19080|15154356|9|9|1|501909|0.0|
19080|15154356|9|10|1|500509|0.0|
19080|15154356|9|10|1|501909|10.71|
19080|15154356|9|11|1|500509|23.36|
19080|15154356|9|11|1|501909|0.0|
19080|15154356|9|12|1|500509|44.57|
19080|15154356|9|12|1|501909|0.0|
19080|15154356|9|13|1|500509|0.0|
19080|15154356|9|13|1|501909|2.0|
19080|15154356|9|14|1|500509|44.57|
19080|15154356|9|14|1|501909|0.0|
19080|15154356|9|15|1|500509|19.47|
19080|15154356|9|15|1|501909|0.0|
19080|15154356|9|16|1|500509|6.83|
19080|15154356|9|16|1|501909|0.0|
19080|15154356|9|17|1|500509|10.71|
19080|15154356|9|17|1|501909|0.0|
19080|15154356|9|18|1|500509|23.36|
19080|15154356|9|18|1|501909|0.0|
19080|15154356|9|19|1|500509|0.0|
19080|15154356|9|19|1|501909|0.0|
19080|15154356|9|20|1|500509|0.0|
19080|15154356|9|20|1|501909|10.71|
19080|15154356|9|21|1|500509|0.0|
19080|15154356|9|21|1|501909|2.46|
19080|15154356|9|21|1|501509|10.0|
19080|15154356|9|22|1|500509|0.0|
19080|15154356|9|22|1|501909|0.0|
19080|15154356|9|23|1|500509|0.0|
19080|15154356|9|23|1|501909|10.71|
19080|15154356|9|24|1|500509|23.36|
19080|15154356|9|24|1|501909|0.0|
19080|15155432|9|1|1|500509|6.43|
19080|15155432|9|1|1|501909|0.0|
19080|15155432|9|2|1|500509|6.43|
19080|15155432|9|2|1|501909|0.0|
19080|15155432|9|3|1|500509|83.32|
19080|15155432|9|3|1|501909|0.0|
19080|15155432|9|4|1|500509|41.66|
19080|15155432|9|4|1|501909|0.0|
19080|15155432|9|5|1|500509|144.34|
19080|15155432|9|5|1|501909|0.0|
19080|15155432|9|6|1|500509|138.89|
19080|15155432|9|6|1|501909|0.0|
19080|15155432|9|7|1|500509|57.14|
19080|15155432|9|7|1|501909|0.0|
19080|15155432|9|8|1|500509|777.87|
19080|15155432|9|8|1|501909|0.0|
19080|15155432|9|9|1|500509|375.0|
19080|15155432|9|9|1|501909|0.0|
19080|15155432|9|10|1|500509|527.54|
19080|15155432|9|10|1|501909|0.0|
19080|15155432|9|11|1|500509|223.08|
19080|15155432|9|11|1|501909|0.0|
19080|15156046|9|1|1|500509|0.0|
19080|15156046|9|1|1|501909|10.71|
19080|15156046|9|2|1|500509|0.0|
19080|15156046|9|2|1|501909|10.71|
19080|15156046|9|3|1|500509|13.12|
19080|15156046|9|3|1|501909|0.0|
19080|15156046|9|4|1|500509|13.12|
19080|15156046|9|4|1|501909|0.0|
19080|15156046|9|5|1|500509|13.12|
19080|15156046|9|5|1|501909|0.0|
19080|15156046|9|6|1|500509|0.0|
19080|15156046|9|6|1|501909|10.71|
19080|15156046|9|7|1|500509|19.47|
19080|15156046|9|7|1|501909|0.0|
19080|15156046|9|8|1|500509|0.0|
19080|15156046|9|8|1|501909|0.0|
19080|15156046|9|9|1|500509|0.0|
19080|15156046|9|9|1|501909|10.71|
19080|15156046|9|10|1|500509|0.0|
19080|15156046|9|10|1|501909|0.28|
19080|15156046|9|11|1|500509|6.83|
19080|15156046|9|11|1|501909|0.0|
19080|15156046|9|12|1|500509|0.0|
19080|15156046|9|12|1|501909|0.0|
19080|15156046|9|13|1|500509|0.0|
19080|15156046|9|13|1|501909|10.71|
19080|15156046|9|14|1|500509|0.0|
19080|15156046|9|14|1|501909|0.0|
19080|15156046|9|15|1|500509|0.0|
19080|15156046|9|15|1|501909|0.0|
19080|15156046|9|16|1|500509|13.12|
19080|15156046|9|16|1|501909|0.0|
19080|15156046|9|17|1|500509|13.12|
19080|15156046|9|17|1|501909|0.0|
19080|15156046|9|18|1|500509|0.0|
19080|15156046|9|18|1|501909|10.71|
19080|15157334|9|1|1|500509|2.33|
19080|15157334|9|1|1|501909|0.0|
19080|15157334|9|2|1|500509|2.33|
19080|15157334|9|2|1|501909|0.0|
19080|15157334|9|3|1|500509|23.36|
19080|15157334|9|3|1|501909|0.0|
19080|15157334|9|4|1|500509|44.57|
19080|15157334|9|4|1|501909|0.0|
19080|15157334|9|5|1|500509|13.12|
19080|15157334|9|5|1|501909|0.0|
19080|15157334|9|6|1|500509|0.0|
19080|15157334|9|6|1|501909|0.0|
19080|15157334|9|7|1|500509|6.83|
19080|15157334|9|7|1|501909|0.0|
19080|15157334|9|8|1|500509|19.47|
19080|15157334|9|8|1|501909|0.0|
19080|15157334|9|9|1|500509|0.0|
19080|15157334|9|9|1|501909|0.0|
19080|15157334|9|10|1|500509|5.33|
19080|15157334|9|10|1|501909|0.0|
19080|15157334|9|10|1|501509|10.0|
19080|15157798|9|1|1|500509|0.0|
19080|15157798|9|1|1|501909|0.0|
19080|15157798|9|2|1|500509|0.0|
19080|15157798|9|2|1|501909|0.0|
19080|15157798|9|3|1|500509|0.0|
19080|15157798|9|3|1|501909|0.0|
19080|15157798|9|4|1|500509|0.0|
19080|15157798|9|4|1|501909|0.0|
19080|15157798|9|5|1|500509|0.0|
19080|15157798|9|5|1|501909|0.0|
19080|15157798|9|6|1|500509|0.0|
19080|15157798|9|6|1|501909|10.71|
19080|15157798|9|7|1|500509|0.0|
19080|15157798|9|7|1|501909|0.0|
19080|15157798|9|8|1|500509|0.0|
19080|15157798|9|8|1|501909|10.71|
19080|15157798|9|9|1|500509|0.0|
19080|15157798|9|9|1|501909|0.0|
19080|15157798|9|10|1|500509|23.36|
19080|15157798|9|10|1|501909|0.0|
19080|15157798|9|11|1|500509|0.0|
19080|15157798|9|11|1|501909|10.71|
19080|15157798|9|12|1|500509|19.47|
19080|15157798|9|12|1|501909|0.0|
19080|15157798|9|13|1|500509|6.83|
19080|15157798|9|13|1|501909|0.0|
19080|15157798|9|14|1|500509|44.57|
19080|15157798|9|14|1|501909|0.0|
19080|15157798|9|15|1|500509|0.0|
19080|15157798|9|15|1|501909|10.71|
19080|15157798|9|16|1|500509|0.0|
19080|15157798|9|16|1|501909|2.0|
19080|15157798|9|17|1|500509|0.0|
19080|15157798|9|17|1|501909|10.71|
19080|15157798|9|18|1|500509|3.27|
19080|15157798|9|18|1|501909|0.0|
19080|15157798|9|18|1|501509|10.0|
19080|15157798|9|19|1|500509|10.71|
19080|15157798|9|19|1|501909|0.0|
19080|15159265|9|1|1|500509|44.57|
19080|15159265|9|1|1|501909|0.0|
19080|15159265|9|2|1|500509|10.71|
19080|15159265|9|2|1|501909|0.0|
19080|15159265|9|3|1|500509|10.71|
19080|15159265|9|3|1|501909|0.0|
19080|15159265|9|4|1|500509|44.57|
19080|15159265|9|4|1|501909|0.0|
19080|15159265|9|5|1|500509|10.71|
19080|15159265|9|5|1|501909|0.0|
19080|15159265|9|6|1|500509|44.57|
19080|15159265|9|6|1|501909|0.0|
19080|15159265|9|7|1|500509|44.57|
19080|15159265|9|7|1|501909|0.0|
19080|15159265|9|8|1|500509|44.57|
19080|15159265|9|8|1|501909|0.0|
19080|15159265|9|9|1|500509|44.57|
19080|15159265|9|9|1|501909|0.0|
19080|15159265|9|10|1|500509|44.57|
19080|15159265|9|10|1|501909|0.0|
19080|15159265|9|11|1|500509|10.71|
19080|15159265|9|11|1|501909|0.0|
19080|15159265|9|12|1|500509|10.71|
19080|15159265|9|12|1|501909|0.0|
19080|15159265|9|13|1|500509|44.57|
19080|15159265|9|13|1|501909|0.0|
19080|15159265|9|14|1|500509|19.47|
19080|15159265|9|14|1|501909|0.0|
19080|15159265|9|15|1|500509|6.83|
19080|15159265|9|15|1|501909|0.0|
19080|15159265|9|16|1|500509|0.0|
19080|15159265|9|16|1|501909|0.0|
19080|15159265|9|17|1|500509|0.0|
19080|15159265|9|17|1|501909|0.0|
19080|15159265|9|18|1|500509|12.38|
19080|15159265|9|18|1|501909|0.0|
19080|15159265|9|19|1|500509|20.55|
19080|15159265|9|19|1|501909|0.0|
19080|15159265|9|19|1|501509|10.0|
19080|15159265|9|20|1|500509|0.22|
19080|15159265|9|20|1|501909|0.0|
19080|15159265|9|21|1|500509|20.55|
19080|15159265|9|21|1|501909|0.0|
19080|15159265|9|21|1|501509|10.0|
19080|15159265|9|22|1|500509|0.0|
19080|15159265|9|22|1|501909|0.0|
19080|15159316|9|1|1|500509|7.66|
19080|15159316|9|2|1|500609|0.0|
19080|15159316|9|3|1|500609|0.0|
19080|15159316|9|4|1|500509|7.66|
19080|15159316|9|5|1|500509|7.66|
19080|15159316|9|6|1|500509|7.66|
19080|15159316|9|7|1|500509|7.66|
19080|15159316|9|8|1|500609|0.0|
19080|15159316|9|9|1|500609|0.0|
19080|15159316|9|10|1|500509|7.66|
19080|15159316|9|11|1|500609|0.0|
19080|15159316|9|12|1|500609|0.0|
19080|15159316|9|13|1|500509|7.66|
19080|15159316|9|14|1|500509|7.66|
19080|15159316|9|15|1|500509|7.66|
19080|15159316|9|16|1|500509|7.66|
19080|15159316|9|17|1|500609|0.0|
19080|15159316|9|18|1|500609|0.0|
19080|15159316|9|19|1|500509|7.66|
19080|15159316|9|20|1|500609|0.0|
19080|15159316|9|21|1|500609|0.0|
19080|15159316|9|22|1|500509|7.66|
19080|15159316|9|23|1|500509|7.66|
19080|15159316|9|24|1|500509|7.66|
19080|15159316|9|25|1|500509|7.66|
19080|15159316|9|26|1|500609|0.0|
19080|15159316|9|27|1|500609|0.0|
19080|15159316|9|28|1|500509|7.66|
19080|15159316|9|29|1|500609|0.0|
19080|15159316|9|30|1|500609|0.0|
19080|15159316|9|31|1|500509|7.66|
19080|15159316|9|32|1|500509|7.66|
19080|15159316|9|33|1|500509|7.66|
19080|15159316|9|34|1|500509|7.66|
19080|15159316|9|35|1|500609|0.0|
19080|15159316|9|36|1|500609|0.0|
19080|15160523|9|1|1|500509|0.0|
19080|15160523|9|1|1|501909|0.0|
19080|15160523|9|2|1|500509|0.0|
19080|15160523|9|2|1|501909|0.0|
19080|15160523|9|3|1|500509|0.0|
19080|15160523|9|3|1|501909|0.0|
19080|15160523|9|4|1|500509|0.0|
19080|15160523|9|4|1|501909|10.71|
19080|15160523|9|5|1|500509|0.0|
19080|15160523|9|5|1|501909|0.0|
19080|15160523|9|6|1|500509|0.0|
19080|15160523|9|6|1|501909|0.0|
19080|15160523|9|7|1|500509|0.0|
19080|15160523|9|7|1|501909|0.0|
19080|15160523|9|8|1|500509|0.0|
19080|15160523|9|8|1|501909|10.71|
19080|15160523|9|9|1|500509|0.0|
19080|15160523|9|9|1|501909|0.0|
19080|15160523|9|10|1|500509|0.0|
19080|15160523|9|10|1|501909|0.0|
19080|15160523|9|11|1|500509|0.0|
19080|15160523|9|11|1|501909|10.71|
19080|15160523|9|12|1|500509|0.0|
19080|15160523|9|12|1|501909|10.71|
19080|15160523|9|13|1|500509|23.36|
19080|15160523|9|13|1|501909|0.0|
19080|15160523|9|14|1|500509|19.47|
19080|15160523|9|14|1|501909|0.0|
19080|15160523|9|15|1|500509|6.83|
19080|15160523|9|15|1|501909|0.0|
19080|15160523|9|16|1|500509|44.57|
19080|15160523|9|16|1|501909|0.0|
19080|15160523|9|17|1|500509|0.0|
19080|15160523|9|17|1|501909|10.71|
19080|15160523|9|18|1|500509|0.0|
19080|15160523|9|18|1|501909|2.0|
19080|15160523|9|19|1|500509|0.0|
19080|15160523|9|19|1|501909|10.71|
19080|15160523|9|20|1|500509|0.0|
19080|15160523|9|20|1|501909|10.71|
19080|15160523|9|21|1|500509|0.0|
19080|15160523|9|21|1|501909|2.73|
19080|15160523|9|22|1|500509|0.0|
19080|15160523|9|22|1|501909|2.73|
19080|15160913|9|1|1|500509|19.47|
19080|15160913|9|1|1|501909|0.0|
19080|15160913|9|2|1|500509|19.47|
19080|15160913|9|2|1|501909|0.0|
19080|15160913|9|3|1|500509|19.47|
19080|15160913|9|3|1|501909|0.0|
19080|15160913|9|4|1|500509|19.47|
19080|15160913|9|4|1|501909|0.0|
19080|15160913|9|5|1|500509|19.47|
19080|15160913|9|5|1|501909|0.0|
19080|15160913|9|6|1|500509|19.47|
19080|15160913|9|6|1|501909|0.0|
19080|15160913|9|7|1|500509|19.47|
19080|15160913|9|7|1|501909|0.0|
19080|15160913|9|8|1|500509|0.0|
19080|15160913|9|8|1|501909|0.0|
19080|15160913|9|9|1|500509|44.57|
19080|15160913|9|9|1|501909|0.0|
19080|15160913|9|10|1|500509|12.38|
19080|15160913|9|10|1|501909|0.0|
19080|15160913|9|11|1|500509|0.0|
19080|15160913|9|11|1|501909|0.0|
19080|15160913|9|12|1|500509|0.07|
19080|15160913|9|12|1|501909|0.0|
19080|15160913|9|13|1|500509|0.0|
19080|15160913|9|13|1|501909|0.0|
19080|15160913|9|14|1|500509|13.12|
19080|15160913|9|14|1|501909|0.0|
19080|15161336|9|1|1|500509|0.0|
19080|15161336|9|1|1|501909|2.0|
19080|15161336|9|2|1|500509|0.0|
19080|15161336|9|2|1|501909|2.0|
19080|15161336|9|3|1|500509|0.0|
19080|15161336|9|3|1|501909|2.0|
19080|15161336|9|4|1|500509|6.83|
19080|15161336|9|4|1|501909|0.0|
19080|15161336|9|5|1|500509|6.83|
19080|15161336|9|5|1|501909|0.0|
19080|15161337|9|1|1|500509|19.64|
19080|15161337|9|1|1|501909|0.0|
19080|15161903|9|1|1|500509|3.71|
19080|15161903|9|2|1|500509|3.71|
19080|15161903|9|3|1|500509|3.71|
19080|15161903|9|4|1|500509|3.71|
19080|15161903|9|5|1|500509|3.71|
19080|15161903|9|6|1|500509|3.71|
19080|15161903|9|7|1|500509|3.71|
19080|15161903|9|8|1|500509|3.71|
19080|15161903|9|9|1|500509|3.71|
19080|15161903|9|10|1|500509|3.71|
19080|15161903|9|11|1|500509|3.71|
19080|15161903|9|12|1|500509|3.71|
19080|15161903|9|13|1|500509|3.71|
19080|15161903|9|14|1|500509|3.71|
19080|15161903|9|15|1|500509|3.71|
19080|15161903|9|16|1|500509|3.71|
19080|15161903|9|17|1|500509|3.71|
19080|15161903|9|18|1|500509|3.71|
19080|15161903|9|19|1|500509|3.71|
19080|15161903|9|20|1|500509|3.57|
19080|15161903|9|21|1|500509|3.57|
19080|15161903|9|22|1|500509|3.57|
19080|15161903|9|23|1|500509|3.57|
19080|15161903|9|24|1|500509|3.57|
19080|15161903|9|25|1|500509|3.57|
19080|15161903|9|26|1|500509|3.57|
19080|15161903|9|27|1|500509|3.57|
19080|15161903|9|28|1|500509|3.57|
19080|15161903|9|29|1|500509|3.57|
19080|15161903|9|30|1|500509|3.57|
19080|15161903|9|31|1|500509|3.57|
19080|15161903|9|32|1|500509|3.57|
19080|15161903|9|33|1|500509|3.57|
19080|15161903|9|34|1|500509|3.57|
19080|15161903|9|35|1|500509|3.57|
19080|15161903|9|36|1|500509|3.57|
19080|15161903|9|37|1|500509|3.57|
19080|15161903|9|38|1|500509|3.57|
19080|15161903|9|39|1|500509|3.57|
19080|15165736|9|1|1|500509|6.11|
19080|15165736|9|2|1|500509|8.4|
19080|15165736|9|3|1|500509|0.0|
19080|15165736|9|4|1|500509|6.11|
19080|15165736|9|5|1|500509|8.4|
19080|15165736|9|6|1|500509|0.0|
19080|15169174|9|1|1|500509|5.87|
19080|15169174|9|1|1|501509|0.0|
19080|15169174|9|2|1|500509|5.87|
19080|15169174|9|2|1|501509|0.0|
19080|15169174|9|3|1|500509|5.87|
19080|15169174|9|3|1|501509|0.0|
19080|15169174|9|4|1|500509|5.87|
19080|15169174|9|4|1|501509|0.0|
19080|15169174|9|5|1|500509|5.87|
19080|15169174|9|5|1|501509|0.0|
19080|15169174|9|6|1|500509|5.87|
19080|15169174|9|6|1|501509|0.0|
19080|15169174|9|7|1|500509|5.87|
19080|15169174|9|7|1|501509|0.0|
19080|15169174|9|8|1|500509|5.87|
19080|15169174|9|8|1|501509|0.0|
19080|15169174|9|9|1|500509|5.87|
19080|15169174|9|9|1|501509|0.0|
19080|15169174|9|10|1|500509|5.87|
19080|15169174|9|10|1|501509|0.0|
19080|15169174|9|11|1|500509|5.87|
19080|15169174|9|11|1|501509|0.0|
19080|15171299|9|1|1|500509|5.87|
19080|15171299|9|1|1|501509|0.0|
19080|15171299|9|2|1|500509|5.87|
19080|15171299|9|2|1|501509|0.0|
19080|15171299|9|3|1|500509|5.87|
19080|15171299|9|3|1|501509|0.0|
19080|15171299|9|4|1|500509|5.87|
19080|15171299|9|4|1|501509|0.0|
19080|15171299|9|5|1|500509|5.87|
19080|15171299|9|5|1|501509|0.0|
19080|15171299|9|6|1|500509|5.87|
19080|15171299|9|6|1|501509|0.0|
19080|15171299|9|7|1|500509|5.87|
19080|15171299|9|7|1|501509|0.0|
19080|15171299|9|8|1|500509|5.87|
19080|15171299|9|8|1|501509|0.0|
19080|15171299|9|9|1|500509|5.87|
19080|15171299|9|9|1|501509|0.0|
19080|15171299|9|10|1|500509|5.87|
19080|15171299|9|10|1|501509|0.0|
19080|15171299|9|11|1|500509|5.87|
19080|15171299|9|11|1|501509|0.0|
